id,bid,user_id,用户昵称,微博正文,头条文章url,发布位置,艾特用户,话题,转发数,评论数,点赞数,发布时间,发布工具,微博图片url,微博视频url,retweet_id,ip,user_authentication
5059603059968718,Op0xXFPjM,2204405357,午月的风,#晚安#周六晚安#老人乘地铁用颤抖的手批改资料#晚安。,,,,"晚安,老人乘地铁用颤抖的手批改资料",0,1,0,2024-07-24 10:07,iPhone客户端,https://wx3.sinaimg.cn/large/83648e6dly1hrywhvlxouj20cm07iglp.jpg,,,安徽,普通用户
4896176250029778,MElYZ07Ki,5570385351,鬼笑穷,7#老人乘地铁用颤抖的手批改资料##老人乘地铁用颤抖的手批改资料#,,,,老人乘地铁用颤抖的手批改资料,0,0,3,2023-04-30 10:47,Android客户端,,,,贵州,普通用户
4893411829876975,MDc4eFrs3,6345028642,云南政法,【#老人乘地铁用颤抖的手批改资料#，网友：这才是值得尊敬的人】4月21日，陕西西安。石先生坐地铁时看到一位老人专心致志的在批改手里的资料。石先生表示大家都在玩手机，只有这个老人拿笔在那里写写画画，当时感觉他非常认真，自己也很感动。网友纷纷表示，这才是值得尊敬的人。@西部决策L西部决策的微博视频,,,西部决策,老人乘地铁用颤抖的手批改资料,25,11,14,2023-04-22 19:42,微博视频号,,"http://f.video.weibocdn.com/o0/ssiFFMHglx084Rusww6k010412005EKo0E010.mp4?label=mp4_720p&template=720x1280.24.0&ori=0&ps=1BVp4ysnknHVZu&Expires=1725141128&ssig=1NSrWa6PAe&KID=unistore,video",,,
4895529101693273,ME59c76uR,7096817501,会泽政法,//@平安曲靖:#老人乘地铁用颤抖的手批改资料#,,,平安曲靖,老人乘地铁用颤抖的手批改资料,0,0,14,2023-04-28 15:55,iPhone XR,,,4893411829876975,,蓝V
4893327083700674,MD9RyfwIi,5446004161,网说陕西,【#老人乘地铁用颤抖的手批改资料#，网友：这才是值得尊敬的人】4月21日，陕西西安。石先生坐地铁时看到一位老人专心致志的在批改手里的资料。石先生表示大家都在玩手机，只有这个老人拿笔在那里写写画画，当时感觉他非常认真，自己也很感动。网友纷纷表示，这才是值得尊敬的人。L西部决策的微博视频,,,,老人乘地铁用颤抖的手批改资料,1,0,0,2023-04-22 14:05,微博视频号,,"http://f.video.weibocdn.com/o0/ssiFFMHglx084Rusww6k010412005EKo0E010.mp4?label=mp4_720p&template=720x1280.24.0&ori=0&ps=1BVp4ysnknHVZu&Expires=1725141132&ssig=AHk7ow%2Fdyn&KID=unistore,video",,,
4894367271620687,MDAVh6NC7,1911591150,平安兴庆,【#老人乘地铁用颤抖的手批改资料#，网友：这才是值得尊敬的人】,,,,老人乘地铁用颤抖的手批改资料,0,0,0,2023-04-25 10:59,微博网页版,,,4893327083700674,,蓝V
4894173184138914,MDvSehmIG,7202951666,徽州政法,【#老人乘地铁用颤抖的手批改资料#，网友：这才是值得尊敬的人】4月21日，陕西西安。石先生坐地铁时看到一位老人专心致志的在批改手里的资料。石先生表示大家都在玩手机，只有这个老人拿笔在那里写写画画，当时感觉他非常认真，自己也很感动。网友纷纷表示，这才是值得尊敬的人。@西部决策L西部决策的微博视频,,,西部决策,老人乘地铁用颤抖的手批改资料,0,1,0,2023-04-24 22:07,微博视频号,,"http://f.video.weibocdn.com/o0/ssiFFMHglx084Rusww6k010412005EKo0E010.mp4?label=mp4_720p&template=720x1280.24.0&ori=0&ps=1BVp4ysnknHVZu&Expires=1725141133&ssig=BFO689t2Gu&KID=unistore,video",,,蓝V
4894156886119822,MDvrWpG2O,7202951666,徽州政法,【#老人乘地铁用颤抖的手批改资料#，网友：这才是值得尊敬的人】4月21日，陕西西安。石先生坐地铁时看到一位老人专心致志的在批改手里的资料。石先生表示大家都在玩手机，只有这个老人拿笔在那里写写画画，当时感觉他非常认真，自己也很感动。网友纷纷表示，这才是值得尊敬的人。@西部决策L西部决策的微博视频,,,西部决策,老人乘地铁用颤抖的手批改资料,0,1,0,2023-04-24 21:03,微博视频号,,"http://f.video.weibocdn.com/o0/ssiFFMHglx084Rusww6k010412005EKo0E010.mp4?label=mp4_720p&template=720x1280.24.0&ori=0&ps=1BVp4ysnknHVZu&Expires=1725141133&ssig=BFO689t2Gu&KID=unistore,video",,,蓝V
4894101734953292,MDu0ZkMzO,6892079899,卖报的小画家0915,【#老人乘地铁用颤抖的手批改资料#，网友：这才是值得尊敬的人】4月21日，陕西西安。乘客石先生坐地铁时看到一位老人专心致志的在批改手里的资料。石先生表示大家都在玩手机，只有这个老人拿笔在那里写写画画，当时感觉他非常认真，自己也很感动。网友纷纷表示，这才是值得尊敬的人。L西部决策的微博视频,,,,老人乘地铁用颤抖的手批改资料,0,0,0,2023-04-24 17:24,微博视频号,,"http://f.video.weibocdn.com/o0/ssiFFMHglx084Rusww6k010412005EKo0E010.mp4?label=mp4_720p&template=720x1280.24.0&ori=0&ps=1BVp4ysnknHVZu&Expires=1725141133&ssig=BFO689t2Gu&KID=unistore,video",,安徽,普通用户
4894095677591690,MDtRdvQWC,1887287095,漫游内蒙古,【#老人乘地铁用颤抖的手批改资料#，网友：这才是值得尊敬的人】4月21日，陕西西安。石先生坐地铁时看到一位老人专心致志的在批改手里的资料。石先生表示大家都在玩手机，只有这个老人拿笔在那里写写画画，当时感觉他非常认真，自己也很感动。网友纷纷表示，这才是值得尊敬的人。（via:西部决策）L西部决策的微博视频,,,,老人乘地铁用颤抖的手批改资料,0,0,0,2023-04-24 17:00,微博视频号,,"http://f.video.weibocdn.com/o0/ssiFFMHglx084Rusww6k010412005EKo0E010.mp4?label=mp4_720p&template=720x1280.24.0&ori=0&ps=1BVp4ysnknHVZu&Expires=1725141133&ssig=BFO689t2Gu&KID=unistore,video",,内蒙古,蓝V
4894086916211205,MDtD5q3OJ,1649465301,三五小队,【#老人乘地铁用颤抖的手批改资料#，网友：这才是值得尊敬的人】4月21日，陕西西安。石先生坐地铁时看到一位老人专心致志的在批改手里的资料。石先生表示大家都在玩手机，只有这个老人拿笔在那里写写画画，当时感觉他非常认真，自己也很感动。网友纷纷表示，这才是值得尊敬的人。@西部决策L西部决策的微博视频,,,西部决策,老人乘地铁用颤抖的手批改资料,0,0,0,2023-04-24 16:25,微博视频号,,"http://f.video.weibocdn.com/o0/ssiFFMHglx084Rusww6k010412005EKo0E010.mp4?label=mp4_720p&template=720x1280.24.0&ori=0&ps=1BVp4ysnknHVZu&Expires=1725141133&ssig=BFO689t2Gu&KID=unistore,video",,安徽,普通用户
4894086816076326,MDtCVpuJg,7202951666,徽州政法,【#老人乘地铁用颤抖的手批改资料#，网友：这才是值得尊敬的人】4月21日，陕西西安。石先生坐地铁时看到一位老人专心致志的在批改手里的资料。石先生表示大家都在玩手机，只有这个老人拿笔在那里写写画画，当时感觉他非常认真，自己也很感动。网友纷纷表示，这才是值得尊敬的人。@西部决策L西部决策的微博视频,,,西部决策,老人乘地铁用颤抖的手批改资料,0,1,0,2023-04-24 16:24,微博视频号,,"http://f.video.weibocdn.com/o0/ssiFFMHglx084Rusww6k010412005EKo0E010.mp4?label=mp4_720p&template=720x1280.24.0&ori=0&ps=1BVp4ysnknHVZu&Expires=1725141133&ssig=BFO689t2Gu&KID=unistore,video",,,蓝V
4894086756567170,MDtCPryq6,5384801243,徽州反邪教,【#老人乘地铁用颤抖的手批改资料#，网友：这才是值得尊敬的人】4月21日，陕西西安。石先生坐地铁时看到一位老人专心致志的在批改手里的资料。石先生表示大家都在玩手机，只有这个老人拿笔在那里写写画画，当时感觉他非常认真，自己也很感动。网友纷纷表示，这才是值得尊敬的人。@西部决策L西部决策的微博视频,,,西部决策,老人乘地铁用颤抖的手批改资料,0,1,1,2023-04-24 16:24,微博视频号,,"http://f.video.weibocdn.com/o0/ssiFFMHglx084Rusww6k010412005EKo0E010.mp4?label=mp4_720p&template=720x1280.24.0&ori=0&ps=1BVp4ysnknHVZu&Expires=1725141133&ssig=BFO689t2Gu&KID=unistore,video",,,蓝V
4894064631880600,MDt397Teg,5195647315,峨边警方,【#老人乘地铁用颤抖的手批改资料#，网友：这才是值得尊敬的人】4月21日，陕西西安。石先生坐地铁时看到一位老人专心致志的在批改手里的资料。石先生表示大家都在玩手机，只有这个老人拿笔在那里写写画画，当时感觉他非常认真，自己也很感动。网友纷纷表示，这才是值得尊敬的人。@西部决策L西部决策的微博视频,,,西部决策,老人乘地铁用颤抖的手批改资料,0,0,0,2023-04-24 14:56,微博视频号,,"http://f.video.weibocdn.com/o0/ssiFFMHglx084Rusww6k010412005EKo0E010.mp4?label=mp4_720p&template=720x1280.24.0&ori=0&ps=1BVp4ysnknHVZu&Expires=1725141133&ssig=BFO689t2Gu&KID=unistore,video",,,蓝V
4893797408051615,MDm68xMAL,3944104712,兴国发布,【#老人乘地铁用颤抖的手批改资料#，网友：这才是值得尊敬的人】4月21日，陕西西安。石先生坐地铁时看到一位老人专心致志的在批改手里的资料。石先生表示大家都在玩手机，只有这个老人拿笔在那里写写画画，当时感觉他非常认真，自己也很感动。网友纷纷表示，这才是值得尊敬的人。@西部决策L西部决策的微博视频,,,西部决策,老人乘地铁用颤抖的手批改资料,2,1,4,2023-04-23 21:14,iPhone客户端,,"http://f.video.weibocdn.com/o0/ssiFFMHglx084Rusww6k010412005EKo0E010.mp4?label=mp4_720p&template=720x1280.24.0&ori=0&ps=1BVp4ysnknHVZu&Expires=1725141135&ssig=3SAh5tEy5w&KID=unistore,video",,,蓝V
4894036286244066,MDsjqqcmK,2609576940,南铁赣州车务段,#赣车微视角#【#老人乘地铁用颤抖的手批改资料#，网友：这才是值得尊敬的人】近日，陕西西安。石先生坐地铁时看到一位老人专心致志的在批改手里的资料。石先生表示大家都在玩手机，只有这个老人拿笔在那里写写画画，当时感觉他非常认真，自己也很感动。网友纷纷表示，这才是值得尊敬的人。@西部决策L西部决策的微博视频,,,西部决策,"赣车微视角,老人乘地铁用颤抖的手批改资料",0,2,1,2023-04-24 13:04,微博视频号,,"http://f.video.weibocdn.com/o0/ssiFFMHglx084Rusww6k010412005EKo0E010.mp4?label=mp4_720p&template=720x1280.24.0&ori=0&ps=1BVp4ysnknHVZu&Expires=1725141133&ssig=BFO689t2Gu&KID=unistore,video",,,蓝V
4893758876024917,MDl5Zphm5,2418302342,兰州青年,【#老人乘地铁用颤抖的手批改资料#，网友：这才是值得尊敬的人】4月21日，陕西西安。乘客石先生坐地铁时看到一位老人专心致志的在批改手里的资料。石先生表示大家都在玩手机，只有这个老人拿笔在那里写写画画，当时感觉他非常认真，自己也很感动。网友纷纷表示，这才是值得尊敬的人。L西部决策的微博视频@共青团中央@甘肃共青团,,,"共青团中央,甘肃共青团",老人乘地铁用颤抖的手批改资料,0,0,0,2023-04-23 18:41,微博视频号,,"http://f.video.weibocdn.com/o0/ssiFFMHglx084Rusww6k010412005EKo0E010.mp4?label=mp4_720p&template=720x1280.24.0&ori=0&ps=1BVp4ysnknHVZu&Expires=1725141135&ssig=3SAh5tEy5w&KID=unistore,video",,,蓝V
4893739874783617,MDkBlk4r7,7605362017,岷县融媒体中心,【#老人乘地铁用颤抖的手批改资料#，网友：这才是值得尊敬的人】4月21日，陕西西安。乘客石先生坐地铁时看到一位老人专心致志的在批改手里的资料。石先生表示大家都在玩手机，只有这个老人拿笔在那里写写画画，当时感觉他非常认真，自己也很感动。网友纷纷表示，这才是值得尊敬的人。L西部决策的微博视频,,,,老人乘地铁用颤抖的手批改资料,0,0,1,2023-04-23 17:26,微博视频号,,"http://f.video.weibocdn.com/o0/ssiFFMHglx084Rusww6k010412005EKo0E010.mp4?label=mp4_720p&template=720x1280.24.0&ori=0&ps=1BVp4ysnknHVZu&Expires=1725141135&ssig=3SAh5tEy5w&KID=unistore,video",,,蓝V
4893739116397093,MDkA7qQaV,2644198842,内蒙古微博,【#老人乘地铁用颤抖的手批改资料#，网友：这才是值得尊敬的人】4月21日，陕西西安。石先生坐地铁时看到一位老人专心致志的在批改手里的资料。石先生表示大家都在玩手机，只有这个老人拿笔在那里写写画画，当时感觉他非常认真，自己也很感动。网友纷纷表示，这才是值得尊敬的人。L西部决策的微博视频,,,,老人乘地铁用颤抖的手批改资料,0,0,0,2023-04-23 17:23,微博视频号,,"http://f.video.weibocdn.com/o0/ssiFFMHglx084Rusww6k010412005EKo0E010.mp4?label=mp4_720p&template=720x1280.24.0&ori=0&ps=1BVp4ysnknHVZu&Expires=1725141135&ssig=3SAh5tEy5w&KID=unistore,video",,内蒙古,普通用户
4893737651799122,MDkxL7y26,2095151241,陕网韩城,【#老人乘地铁用颤抖的手批改资料#，网友：这才是值得尊敬的人】4月21日，陕西西安。石先生坐地铁时看到一位老人专心致志的在批改手里的资料。石先生表示大家都在玩手机，只有这个老人拿笔在那里写写画画，当时感觉他非常认真，自己也很感动。网友纷纷表示，这才是值得尊敬的人。@西部决策L西部决策的微博视频,,,西部决策,老人乘地铁用颤抖的手批改资料,0,0,0,2023-04-23 17:17,微博视频号,,"http://f.video.weibocdn.com/o0/ssiFFMHglx084Rusww6k010412005EKo0E010.mp4?label=mp4_720p&template=720x1280.24.0&ori=0&ps=1BVp4ysnknHVZu&Expires=1725141135&ssig=3SAh5tEy5w&KID=unistore,video",,陕西,普通用户
4893721713444482,MDk83es4a,3947832381,欧潭融媒,【#老人乘地铁用颤抖的手批改资料#，网友：这才是值得尊敬的人】4月21日，陕西西安。石先生坐地铁时看到一位老人专心致志的在批改手里的资料。石先生表示大家都在玩手机，只有这个老人拿笔在那里写写画画，当时感觉他非常认真，自己也很感动。网友纷纷表示，这才是值得尊敬的人。@西部决策...展开播放视频L西部决策的微博视频,,,西部决策,老人乘地铁用颤抖的手批改资料,0,0,0,2023-04-23 16:14,微博视频号,,"http://f.video.weibocdn.com/o0/ssiFFMHglx084Rusww6k010412005EKo0E010.mp4?label=mp4_720p&template=720x1280.24.0&ori=0&ps=1BVp4ysnknHVZu&Expires=1725141135&ssig=3SAh5tEy5w&KID=unistore,video",,,蓝V
4893721055729196,MDk6Zo2qo,6398363477,蓝山县禁毒办,【#老人乘地铁用颤抖的手批改资料#，网友：这才是值得尊敬的人】4月21日，陕西西安。石先生坐地铁时看到一位老人专心致志的在批改手里的资料。石先生表示大家都在玩手机，只有这个老人拿笔在那里写写画画，当时感觉他非常认真，自己也很感动。网友纷纷表示，这才是值得尊敬的人。@西部决策L西部决策的微博视频,,,西部决策,老人乘地铁用颤抖的手批改资料,0,0,0,2023-04-23 16:11,微博视频号,,"http://f.video.weibocdn.com/o0/ssiFFMHglx084Rusww6k010412005EKo0E010.mp4?label=mp4_720p&template=720x1280.24.0&ori=0&ps=1BVp4ysnknHVZu&Expires=1725141135&ssig=3SAh5tEy5w&KID=unistore,video",,,蓝V
4893720002171183,MDk5i96P5,2482740303,青白江区大同街道,【#老人乘地铁用颤抖的手批改资料#，网友：这才是值得尊敬的人】4月21日，陕西西安。乘客石先生坐地铁时看到一位老人专心致志的在批改手里的资料。石先生表示大家都在玩手机，只有这个老人拿笔在那里写写画画，当时感觉他非常认真，自己也很感动。网友纷纷表示，这才是值得尊敬的人。@西部决策L西部决策的微博视频,,,西部决策,老人乘地铁用颤抖的手批改资料,0,0,0,2023-04-23 16:07,微博视频号,,"http://f.video.weibocdn.com/o0/ssiFFMHglx084Rusww6k010412005EKo0E010.mp4?label=mp4_720p&template=720x1280.24.0&ori=0&ps=1BVp4ysnknHVZu&Expires=1725141135&ssig=3SAh5tEy5w&KID=unistore,video",,,蓝V
4893719590869709,MDk4D3Efz,3215198700,陇南徽县发布,【#老人乘地铁用颤抖的手批改资料#，网友：这才是值得尊敬的人】4月21日，陕西西安。乘客石先生坐地铁时看到一位老人专心致志的在批改手里的资料。石先生表示大家都在玩手机，只有这个老人拿笔在那里写写画画，当时感觉他非常认真，自己也很感动。网友纷纷表示，这才是值得尊敬的人。L西部决策的微博视频,,,,老人乘地铁用颤抖的手批改资料,1,0,1,2023-04-23 16:05,微博视频号,,"http://f.video.weibocdn.com/o0/ssiFFMHglx084Rusww6k010412005EKo0E010.mp4?label=mp4_720p&template=720x1280.24.0&ori=0&ps=1BVp4ysnknHVZu&Expires=1725141135&ssig=3SAh5tEy5w&KID=unistore,video",,,蓝V
4893718470987156,MDk2P48NS,2482740303,青白江区大同街道,【#老人乘地铁用颤抖的手批改资料#，网友：这才是值得尊敬的人】4月21日，陕西西安。乘客石先生坐地铁时看到一位老人专心致志的在批改手里的资料。石先生表示大家都在玩手机，只有这个老人拿笔在那里写写画画，当时感觉他非常认真，自己也很感动。网友纷纷表示，这才是值得尊敬的人。L西部决策的微博视频,,,,老人乘地铁用颤抖的手批改资料,0,0,0,2023-04-23 16:01,微博视频号,,"http://f.video.weibocdn.com/o0/ssiFFMHglx084Rusww6k010412005EKo0E010.mp4?label=mp4_720p&template=720x1280.24.0&ori=0&ps=1BVp4ysnknHVZu&Expires=1725141135&ssig=3SAh5tEy5w&KID=unistore,video",,,蓝V
4893996348080988,MDrh0xUew,5189449744,安阳市甲骨文小学,【#老人乘地铁用颤抖的手批改资料#，网友：这才是值得尊敬的人】4月21日，陕西西安。石先生坐地铁时看到一位老人专心致志的在批改手里的资料。石先生表示大家都在玩手机，只有这个老人拿笔在那里写写画画，当时感觉他非常认真，自己也很感动。网友纷纷表示，这才是值得尊敬的人。L西部决策的微博视频,,,,老人乘地铁用颤抖的手批改资料,0,0,5,2023-04-24 10:25,微博视频号,,"http://f.video.weibocdn.com/o0/ssiFFMHglx084Rusww6k010412005EKo0E010.mp4?label=mp4_720p&template=720x1280.24.0&ori=0&ps=1BVp4ysnknHVZu&Expires=1725141157&ssig=cbVGDyWvNe&KID=unistore,video",,河南,蓝V
4893986446118446,MDr12pFGC,5951561977,陕西1频道,【#老人乘地铁用颤抖的手批改资料#，网友：这才是值得尊敬的人】4月21日，陕西西安。石先生坐地铁时看到一位老人专心致志的在批改手里的资料。石先生表示大家都在玩手机，只有这个老人拿笔在那里写写画画，当时感觉他非常认真，自己也很感动。网友纷纷表示，这才是值得尊敬的人。L西部决策的微博视频,,,,老人乘地铁用颤抖的手批改资料,0,0,0,2023-04-24 09:45,微博视频号,,"http://f.video.weibocdn.com/o0/ssiFFMHglx084Rusww6k010412005EKo0E010.mp4?label=mp4_720p&template=720x1280.24.0&ori=0&ps=1BVp4ysnknHVZu&Expires=1725141157&ssig=cbVGDyWvNe&KID=unistore,video",,,蓝V
4893975107864291,MDqIKwZRp,6303588206,佳学基因检测wh,【佳学基因检测】手部挛缩或马蹄内翻足通过外显子组测序基因检测证明是一种DA1骨科病遗传病、罕见病基因检测导读：尽管编码肌节中蛋白质的基因与其他类型的远端关节弯曲有关，基因检测数据库中只有很少的明确的可以导致1型远端关节弯曲的基因。远端关节弯曲1型又叫做关节挛缩1型、关节弯曲1型、多发性关节挛缩1型。又叫做DA1、AMCD1。以全外显子测序为基础的致病基因鉴定基因解码可以为已知基因数量很少的疾病进行致病基因鉴定，以确定某种肌肉骨骼疾病的遗传基础。手部挛缩或马蹄内翻足通过外显子组测序基因检测证明是一种DA1骨科病的方法佳学基因检测记录了一个以马蹄内翻足和轻度手部挛缩为特征的1型远端关节挛缩症的多代家庭，并对其中一位受影响的家庭成员的DNA进行了外显子组测序。连锁分析用于确认患者所存在的基因突变、致病基因位点与远端关节弯曲分离。O网页链接测基因，阻遗传，就在佳学基因干！(O网页链接)#46岁民警为救战友被歹徒刺伤牺牲##浙江一大坝挖出生长十几年白蚁后##铁路曾试行女性包厢但匆匆退市##蔚来员工曝加班近500小时进急诊3次##航母编队都有哪些成员##杭州高架215万株月季花盛开##总台宝藏纪录片最全片单##按性别分配软卧车厢有必要吗##老人乘地铁用颤抖的手批改资料#,,,,"46岁民警为救战友被歹徒刺伤牺牲,浙江一大坝挖出生长十几年白蚁后,铁路曾试行女性包厢但匆匆退市,蔚来员工曝加班近500小时进急诊3次,航母编队都有哪些成员,杭州高架215万株月季花盛开,总台宝藏纪录片最全片单,按性别分配软卧车厢有必要吗,老人乘地铁用颤抖的手批改资料",0,0,0,2023-04-24 09:00,微博网页版,,,,湖北,普通用户
4893970641717142,MDqBy7cHQ,7337509043,民勤县融媒体中心,【#老人乘地铁用颤抖的手批改资料#，网友：这才是值得尊敬的人】4月21日，陕西西安。乘客石先生坐地铁时看到一位老人专心致志的在批改手里的资料。石先生表示大家都在玩手机，只有这个老人拿笔在那里写写画画，当时感觉他非常认真，自己也很感动。网友纷纷表示，这才是值得尊敬的人。L西部决策的微博视频,,,,老人乘地铁用颤抖的手批改资料,3,1,3,2023-04-24 08:43,微博视频号,,"http://f.video.weibocdn.com/o0/ssiFFMHglx084Rusww6k010412005EKo0E010.mp4?label=mp4_720p&template=720x1280.24.0&ori=0&ps=1BVp4ysnknHVZu&Expires=1725141157&ssig=cbVGDyWvNe&KID=unistore,video",,,蓝V
4893962927872318,MDqp6x1WS,3893196853,平安宣汉,【#老人乘地铁用颤抖的手批改资料#，网友：这才是值得尊敬的人】4月21日，陕西西安。石先生坐地铁时看到一位老人专心致志的在批改手里的资料。石先生表示大家都在玩手机，只有这个老人拿笔在那里写写画画，当时感觉他非常认真，自己也很感动。网友纷纷表示，这才是值得尊敬的人。@西部决策L西部决策的微博视频,,,西部决策,老人乘地铁用颤抖的手批改资料,1,9,4,2023-04-24 08:12,微博视频号,,"http://f.video.weibocdn.com/o0/ssiFFMHglx084Rusww6k010412005EKo0E010.mp4?label=mp4_720p&template=720x1280.24.0&ori=0&ps=1BVp4ysnknHVZu&Expires=1725141157&ssig=cbVGDyWvNe&KID=unistore,video",,,蓝V
4893897957834842,MDoIjwScq,7567268128,金川区融媒体中心,【#老人乘地铁用颤抖的手批改资料#，网友：这才是值得尊敬的人】4月21日，陕西西安。乘客石先生坐地铁时看到一位老人专心致志的在批改手里的资料。石先生表示大家都在玩手机，只有这个老人拿笔在那里写写画画，当时感觉他非常认真，自己也很感动。网友纷纷表示，这才是值得尊敬的人。L西部决策的微博视频,,,,老人乘地铁用颤抖的手批改资料,0,2,3,2023-04-24 03:54,微博视频号,,"http://f.video.weibocdn.com/o0/ssiFFMHglx084Rusww6k010412005EKo0E010.mp4?label=mp4_720p&template=720x1280.24.0&ori=0&ps=1BVp4ysnknHVZu&Expires=1725141157&ssig=cbVGDyWvNe&KID=unistore,video",,,蓝V
4893843923668415,MDnjafojZ,6399245004,庚白星君,未来几年，大城市中产的压力，或者说，生活的幸福感，会越来越差的。这是中美，脑力劳动者，和体力劳动者，的薪资对比图。大家可以明显的看到。美国那边体力劳动者的工资，和脑力劳动者的工资，差距比例不大。再看我们国内体力劳动者和脑力劳动者的工资对比，差距就比较明显了。这说明一个趋势。大城市里面中产的收入，以后上涨的空间，不是很大了，中产的工资不涨，但是开支，却是会增加。因为体力劳动者的收入增加了，而增加的这部分，就是从中产口袋里面掏。比如说，现在大城市的中产，喊一个外卖，一般是3元到6元的配送费，以后配送费会上涨，又或者是家里面的电器维修等等的，这种带有技术型的体力活，涨幅更明显。举个例子来说。以前一个月薪1万的中产，可以雇一个家政来给他打扫卫生，提高的他的居住品质，以后家政工资涨了，月薪1万的中产，就请不起了，只能自己动手。没有那些廉价的劳动力，中产的幸福感会少很多。#老人乘地铁用颤抖的手批改资料#,,,,老人乘地铁用颤抖的手批改资料,1,1,1,2023-04-24 00:19,微博网页版,"https://wx1.sinaimg.cn/large/006Z4zX6gy1hda3afocd0j30j60pjqaf.jpg,https://wx3.sinaimg.cn/large/006Z4zX6gy1hda3aytk7uj30j60pj10x.jpg,https://wx3.sinaimg.cn/large/006Z4zX6gy1hda3b62obej30j60pk7cb.jpg,https://wx4.sinaimg.cn/large/006Z4zX6gy1hda3be2u48j30j60pj7av.jpg",,,上海,金V
4893588653606794,MDgFrf8i6,6155344804,河北长安网,地铁上，大家都在玩手机，一位老人拿笔在那里写写画画，专心致志地批改手里的资料……网友：这才是值得尊敬的人（西部决策）#老人乘地铁用颤抖的手批改资料#L津彩青春的微博视频,,,,老人乘地铁用颤抖的手批改资料,34,21,21,2023-04-23 07:25,iPhone客户端,,"http://f.video.weibocdn.com/o0/A4b59O53lx084RXV4k1a010412005Eyt0E010.mp4?label=mp4_720p&template=720x1280.24.0&ori=0&ps=1BVp4ysnknHVZu&Expires=1725141159&ssig=9E4JWsZBED&KID=unistore,video",,,
4893717113084011,MDk0DcWi7,6810933101,遵化长安网,#老人乘地铁用颤抖的手批改资料#//@唐山长安网:这才是值得尊敬的人,,,唐山长安网,老人乘地铁用颤抖的手批改资料,0,0,21,2023-04-23 15:55,华为手机,,,4893588653606794,,蓝V
4893715606536540,MDjYcrqs4,1994238825,渭南日报社,【#老人乘地铁用颤抖的手批改资料#，网友：这才是值得尊敬的人】4月21日，陕西西安。石先生坐地铁时看到一位老人专心致志的在批改手里的资料。石先生表示大家都在玩手机，只有这个老人拿笔在那里写写画画，当时感觉他非常认真，自己也很感动。网友纷纷表示，这才是值得尊敬的人。via西部决策L西部决策的微博视频,,,,老人乘地铁用颤抖的手批改资料,0,0,1,2023-04-23 15:49,微博视频号,,"http://f.video.weibocdn.com/o0/ssiFFMHglx084Rusww6k010412005EKo0E010.mp4?label=mp4_720p&template=720x1280.24.0&ori=0&ps=1BVp4ysnknHVZu&Expires=1725141159&ssig=Pab47nG11X&KID=unistore,video",,,蓝V
4893711370815676,MDjRn3qc4,2177987263,淄川发布-融媒体,【#老人乘地铁用颤抖的手批改资料#，网友：这才是值得尊敬的人】4月21日，陕西西安。石先生坐地铁时看到一位老人专心致志的在批改手里的资料。石先生表示大家都在玩手机，只有这个老人拿笔在那里写写画画，当时感觉他非常认真，自己也很感动。网友纷纷表示，这才是值得尊敬的人。@西部决策L西部决策的微博视频,,,西部决策,老人乘地铁用颤抖的手批改资料,0,0,0,2023-04-23 15:32,微博视频号,,"http://f.video.weibocdn.com/o0/ssiFFMHglx084Rusww6k010412005EKo0E010.mp4?label=mp4_720p&template=720x1280.24.0&ori=0&ps=1BVp4ysnknHVZu&Expires=1725141159&ssig=Pab47nG11X&KID=unistore,video",,,蓝V
4893709935579559,MDjP3npuT,7756373798,广饶融媒,【#老人乘地铁用颤抖的手批改资料#，网友：这才是值得尊敬的人】4月21日，陕西西安。乘客石先生坐地铁时看到一位老人专心致志的在批改手里的资料。石先生表示大家都在玩手机，只有这个老人拿笔在那里写写画画，当时感觉他非常认真，自己也很感动。网友纷纷表示，这才是值得尊敬的人。L西部决策的微博视频,,,,老人乘地铁用颤抖的手批改资料,1,1,12,2023-04-23 15:27,微博视频号,,"http://f.video.weibocdn.com/o0/ssiFFMHglx084Rusww6k010412005EKo0E010.mp4?label=mp4_720p&template=720x1280.24.0&ori=0&ps=1BVp4ysnknHVZu&Expires=1725141159&ssig=Pab47nG11X&KID=unistore,video",,,蓝V
4893709395299096,MDjObmexi,7041951828,民乐融媒体中心,【#老人乘地铁用颤抖的手批改资料#，网友：这才是值得尊敬的人】4月21日，陕西西安。乘客石先生坐地铁时看到一位老人专心致志的在批改手里的资料。石先生表示大家都在玩手机，只有这个老人拿笔在那里写写画画，当时感觉他非常认真，自己也很感动。网友纷纷表示，这才是值得尊敬的人。L西部决策的微博视频,,,,老人乘地铁用颤抖的手批改资料,6,16,16,2023-04-23 15:25,微博视频号,,"http://f.video.weibocdn.com/o0/ssiFFMHglx084Rusww6k010412005EKo0E010.mp4?label=mp4_720p&template=720x1280.24.0&ori=0&ps=1BVp4ysnknHVZu&Expires=1725141159&ssig=Pab47nG11X&KID=unistore,video",,,蓝V
4893706954214103,MDjKfhGhp,5058856402,蓬安公安,【#老人乘地铁用颤抖的手批改资料#，网友：这才是值得尊敬的人】4月21日，陕西西安。石先生坐地铁时看到一位老人专心致志的在批改手里的资料。石先生表示大家都在玩手机，只有这个老人拿笔在那里写写画画，当时感觉他非常认真，自己也很感动。网友纷纷表示，这才是值得尊敬的人。L西部决策的微博视频,,,,老人乘地铁用颤抖的手批改资料,0,0,0,2023-04-23 15:15,微博视频号,,"http://f.video.weibocdn.com/o0/ssiFFMHglx084Rusww6k010412005EKo0E010.mp4?label=mp4_720p&template=720x1280.24.0&ori=0&ps=1BVp4ysnknHVZu&Expires=1725141159&ssig=Pab47nG11X&KID=unistore,video",,,蓝V
4893706182202724,MDjJ09f1O,3703718952,崆峒发布V,【#老人乘地铁用颤抖的手批改资料#，网友：这才是值得尊敬的人】4月21日，陕西西安。乘客石先生坐地铁时看到一位老人专心致志的在批改手里的资料。石先生表示大家都在玩手机，只有这个老人拿笔在那里写写画画，当时感觉他非常认真，自己也很感动。网友纷纷表示，这才是值得尊敬的人。L西部决策的微博视频,,,,老人乘地铁用颤抖的手批改资料,0,0,1,2023-04-23 15:12,微博视频号,,"http://f.video.weibocdn.com/o0/ssiFFMHglx084Rusww6k010412005EKo0E010.mp4?label=mp4_720p&template=720x1280.24.0&ori=0&ps=1BVp4ysnknHVZu&Expires=1725141159&ssig=Pab47nG11X&KID=unistore,video",,,蓝V
4893703053250815,MDjDXdDGv,6440547844,曲靖市麒麟区委政法委,#老人乘地铁用颤抖的手批改资料#，网友：这才是值得尊敬的人//@平安曲靖:#老人乘地铁用颤抖的手批改资料#,,,平安曲靖,老人乘地铁用颤抖的手批改资料,0,0,14,2023-04-23 14:59,微博网页版,,,4893411829876975,,蓝V
4893476598056856,MDdKHxNXi,2881099692,大雅堂书画院,【#老人乘地铁用颤抖的手批改资料#，网友：这才是值得尊敬的人】4月21日，陕西西安。石先生坐地铁时看到一位老人专心致志的在批改手里的资料。石先生表示大家都在玩手机，只有这个老人拿笔在那里写写画画，当时感觉他非常认真，自己也很感动。网友纷纷表示，这才是值得尊敬的人。L西部决策的微博视频,,,,老人乘地铁用颤抖的手批改资料,0,0,0,2023-04-23 00:00,微博网页版,,"http://f.video.weibocdn.com/o0/ssiFFMHglx084Rusww6k010412005EKo0E010.mp4?label=mp4_720p&template=720x1280.24.0&ori=0&ps=1BVp4ysnknHVZu&Expires=1725141160&ssig=nKA5I0oXZK&KID=unistore,video",,四川,蓝V
4893701673583269,MDjBJf2aF,5219949016,沙湾金盾,【#老人乘地铁用颤抖的手批改资料#，网友：这才是值得尊敬的人】4月21日，陕西西安。石先生坐地铁时看到一位老人专心致志的在批改手里的资料。石先生表示大家都在玩手机，只有这个老人拿笔在那里写写画画，当时感觉他非常认真，自己也很感动。网友纷纷表示，这才是值得尊敬的人。@西部决策L西部决策的微博视频,,,西部决策,老人乘地铁用颤抖的手批改资料,0,0,0,2023-04-23 14:54,iPhone客户端,,"http://f.video.weibocdn.com/o0/ssiFFMHglx084Rusww6k010412005EKo0E010.mp4?label=mp4_720p&template=720x1280.24.0&ori=0&ps=1BVp4ysnknHVZu&Expires=1725141159&ssig=Pab47nG11X&KID=unistore,video",,,蓝V
4893473419298443,MDdFzD0WT,5644021433,刺猬_201507,#老人乘地铁用颤抖的手批改资料#肃然起敬！老辈的敬业精神让人佩服！,,,,老人乘地铁用颤抖的手批改资料,0,0,0,2023-04-22 23:47,OPPO Find X3 Pro,,,,河北,黄V
4893698871788016,MDjxd7v8Y,5039972406,德城发布,【#老人乘地铁用颤抖的手批改资料#，网友：这才是值得尊敬的人】4月21日，陕西西安。石先生坐地铁时看到一位老人专心致志的在批改手里的资料。石先生表示大家都在玩手机，只有这个老人拿笔在那里写写画画，当时感觉他非常认真，自己也很感动。网友纷纷表示，这才是值得尊敬的人。@西部决策L西部决策的微博视频,,,西部决策,老人乘地铁用颤抖的手批改资料,0,0,0,2023-04-23 14:43,iPhone客户端,,"http://f.video.weibocdn.com/o0/ssiFFMHglx084Rusww6k010412005EKo0E010.mp4?label=mp4_720p&template=720x1280.24.0&ori=0&ps=1BVp4ysnknHVZu&Expires=1725141159&ssig=Pab47nG11X&KID=unistore,video",,,蓝V
4893472170181598,MDdDz0Lf0,5995072949,河西政法,【#老人乘地铁用颤抖的手批改资料#，网友：这才是值得尊敬的人】4月21日，陕西西安。石先生坐地铁时看到一位老人专心致志的在批改手里的资料。石先生表示大家都在玩手机，只有这个老人拿笔在那里写写画画，当时感觉他非常认真，自己也很感动。网友纷纷表示，这才是值得尊敬的人。@西部决策L西部决策的微博视频,,,西部决策,老人乘地铁用颤抖的手批改资料,0,0,0,2023-04-22 23:42,微博视频号,,"http://f.video.weibocdn.com/o0/ssiFFMHglx084Rusww6k010412005EKo0E010.mp4?label=mp4_720p&template=720x1280.24.0&ori=0&ps=1BVp4ysnknHVZu&Expires=1725141160&ssig=nKA5I0oXZK&KID=unistore,video",,,蓝V
4893463743307115,MDdpYdSkz,2556153963,寿阳政法,//@北京政法:【#老人乘地铁用颤抖的手批改资料#，网友：这才是值得尊敬的人】敬重您～,,,北京政法,老人乘地铁用颤抖的手批改资料,0,0,0,2023-04-22 23:08,HUAWEI Mate 50,,,,,蓝V
4893458483380469,MDdhuebpH,1887344341,观察者网,【#老人乘地铁用颤抖的手批改资料#，网友：这才是值得尊敬的人】4月21日，陕西西安。石先生坐地铁时看到一位老人专心致志的在批改手里的资料。石先生表示大家都在玩手机，只有这个老人拿笔在那里写写画画，当时感觉他非常认真，自己也很感动。网友纷纷表示，这才是值得尊敬的人。@西部决策L西部决策的微博视频,,,西部决策,老人乘地铁用颤抖的手批改资料,8,27,275,2023-04-22 22:48,微博视频号,,"http://f.video.weibocdn.com/o0/ssiFFMHglx084Rusww6k010412005EKo0E010.mp4?label=mp4_720p&template=720x1280.24.0&ori=0&ps=1BVp4ysnknHVZu&Expires=1725141162&ssig=GJfMknVsP4&KID=unistore,video",,,蓝V
4893456482175240,MDdeg97Sw,2010261880,社会与法频道阎肃,咔咔就是发超话【#老人乘地铁用颤抖的手批改资料#，网友：这才是值得尊敬的人】4月21日，陕西西安。石先生坐地铁时看到一位老人专心致志的在批改手里的资料。石先生表示大家都在玩手机，只有这个老人拿笔在那里写写画画，当时感觉他非常认真，自己也很感动。网友纷纷表示，这才是值得尊敬的人。@西部决策L西部决策的微博视频,,,西部决策,老人乘地铁用颤抖的手批改资料,0,0,0,2023-04-22 22:40,咔咔就是发超话,,"http://f.video.weibocdn.com/o0/ssiFFMHglx084Rusww6k010412005EKo0E010.mp4?label=mp4_720p&template=720x1280.24.0&ori=0&ps=1BVp4ysnknHVZu&Expires=1725141162&ssig=GJfMknVsP4&KID=unistore,video",,北京,红V
4893456449409609,MDdecDtRT,2010261880,社会与法频道阎肃,阎肃观察超话【#老人乘地铁用颤抖的手批改资料#，网友：这才是值得尊敬的人】4月21日，陕西西安。石先生坐地铁时看到一位老人专心致志的在批改手里的资料。石先生表示大家都在玩手机，只有这个老人拿笔在那里写写画画，当时感觉他非常认真，自己也很感动。网友纷纷表示，这才是值得尊敬的人。@西部决策L西部决策的微博视频,,,西部决策,老人乘地铁用颤抖的手批改资料,0,0,1,2023-04-22 22:39,阎肃观察超话,,"http://f.video.weibocdn.com/o0/ssiFFMHglx084Rusww6k010412005EKo0E010.mp4?label=mp4_720p&template=720x1280.24.0&ori=0&ps=1BVp4ysnknHVZu&Expires=1725141162&ssig=GJfMknVsP4&KID=unistore,video",,北京,红V
4893455858274882,MDddfyIFQ,6483549294,祎片曦瓜地丨诗漫祎,#老人乘地铁用颤抖的手批改资料#致敬,,,,老人乘地铁用颤抖的手批改资料,0,0,0,2023-04-22 22:37,OPPO A93s 5G,,,,湖北,黄V
4893455249839668,MDdcgFhKk,5522399953,南充政法,【#老人乘地铁用颤抖的手批改资料#，网友：这才是值得尊敬的人】4月21日，陕西西安。石先生坐地铁时看到一位老人专心致志的在批改手里的资料。石先生表示大家都在玩手机，只有这个老人拿笔在那里写写画画，当时感觉他非常认真，自己也很感动。网友纷纷表示，这才是值得尊敬的人。@西部决策L西部决策的微博视频,,,西部决策,老人乘地铁用颤抖的手批改资料,0,0,0,2023-04-22 22:35,HarmonyOS设备,,"http://f.video.weibocdn.com/o0/ssiFFMHglx084Rusww6k010412005EKo0E010.mp4?label=mp4_720p&template=720x1280.24.0&ori=0&ps=1BVp4ysnknHVZu&Expires=1725141162&ssig=GJfMknVsP4&KID=unistore,video",,,蓝V
4893454436139848,MDdaXpLfO,2355965410,南海网,【#老人乘地铁用颤抖的手批改资料# ，网友：这才是值得尊敬的人】4月21日，陕西西安。石先生坐地铁时看到一位老人专心致志的在批改手里的资料。石先生表示大家都在玩手机，只有这个老人拿笔在那里写写画画，当时感觉他非常认真，自己也很感动。网友纷纷表示，这才是值得尊敬的人。via.西部决策L西部决策的微博视频,,,,老人乘地铁用颤抖的手批改资料,0,0,2,2023-04-22 22:31,微博视频号,,"http://f.video.weibocdn.com/o0/ssiFFMHglx084Rusww6k010412005EKo0E010.mp4?label=mp4_720p&template=720x1280.24.0&ori=0&ps=1BVp4ysnknHVZu&Expires=1725141162&ssig=GJfMknVsP4&KID=unistore,video",,,蓝V
4893452301765909,MDd7w7pop,2686373562,扶风资讯,【#老人乘地铁用颤抖的手批改资料#，网友：这才是值得尊敬的人】4月21日，陕西西安。石先生坐地铁时看到一位老人专心致志的在批改手里的资料。石先生表示大家都在玩手机，只有这个老人拿笔在那里写写画画，当时感觉他非常认真，自己也很感动。网友纷纷表示，这才是值得尊敬的人。L西部决策的微博视频,,,,老人乘地铁用颤抖的手批改资料,0,0,0,2023-04-22 22:23,微博视频号,,"http://f.video.weibocdn.com/o0/ssiFFMHglx084Rusww6k010412005EKo0E010.mp4?label=mp4_720p&template=720x1280.24.0&ori=0&ps=1BVp4ysnknHVZu&Expires=1725141162&ssig=GJfMknVsP4&KID=unistore,video",,陕西,黄V
4893451121858343,MDd5C7Nrh,5149851836,喜闻悦荐,【#老人乘地铁用颤抖的手批改资料#，网友：这才是值得尊敬的人】4月21日，陕西西安。石先生坐地铁时看到一位老人专心致志的在批改手里的资料。石先生表示大家都在玩手机，只有这个老人拿笔在那里写写画画，当时感觉他非常认真，自己也很感动。网友纷纷表示，这才是值得尊敬的人。L大众点睛的微博视频,,,,老人乘地铁用颤抖的手批改资料,3,1,2,2023-04-22 22:18,微博视频号,,"http://f.video.weibocdn.com/u0/odM5M4FQgx084ScVvTig010412005EKo0E010.mp4?label=mp4_720p&template=720x1280.24.0&ori=0&ps=1BVp4ysnknHVZu&Expires=1725141162&ssig=fNOlrAvcny&KID=unistore,video",,广东,黄V
4893446365780187,MDcXWofGP,3934655366,陇南文县司法,【#老人乘地铁用颤抖的手批改资料#，网友：这才是值得尊敬的人】4月21日，陕西西安。石先生坐地铁时看到一位老人专心致志的在批改手里的资料。石先生表示大家都在玩手机，只有这个老人拿笔在那里写写画画，当时感觉他非常认真，自己也很感动。网友纷纷表示，这才是值得尊敬的人。@西部决策L西部决策的微博视频,,,西部决策,老人乘地铁用颤抖的手批改资料,0,0,0,2023-04-22 21:59,iPhone客户端,,"http://f.video.weibocdn.com/o0/ssiFFMHglx084Rusww6k010412005EKo0E010.mp4?label=mp4_720p&template=720x1280.24.0&ori=0&ps=1BVp4ysnknHVZu&Expires=1725141163&ssig=bLcRyWXBD8&KID=unistore,video",,,蓝V
4893447917933813,MDd0rxhWJ,2506884754,新浪河北城市频道,【#老人乘地铁用颤抖的手批改资料#，网友：这才是值得尊敬的人】4月21日，陕西西安。乘客石先生坐地铁时看到一位老人专心致志的在批改手里的资料。石先生表示大家都在玩手机，只有这个老人拿笔在那里写写画画，当时感觉他非常认真，自己也很感动。网友纷纷表示，这才是值得尊敬的人。@西部决策L西部决策的微博视频,,,西部决策,老人乘地铁用颤抖的手批改资料,1,0,0,2023-04-22 22:06,iPhone客户端,,"http://f.video.weibocdn.com/o0/ssiFFMHglx084Rusww6k010412005EKo0E010.mp4?label=mp4_720p&template=720x1280.24.0&ori=0&ps=1BVp4ysnknHVZu&Expires=1725141162&ssig=GJfMknVsP4&KID=unistore,video",,,蓝V
4893446021847621,MDcXo7KEl,2095973737,平安古蔺,#老人乘地铁用颤抖的手批改资料#,,,,老人乘地铁用颤抖的手批改资料,0,9,6,2023-04-22 21:58,蔺警君Android,https://wx4.sinaimg.cn/large/7cee0569gy1hd8tmiaoh1j20tu1d4n2q.jpg,,,,蓝V
4893445401616401,MDcWo6MuZ,2863798017,杭城阿良,#老人乘地铁用颤抖的手批改资料#兢兢业业勤勤恳恳任劳任怨，值得尊敬,,,,老人乘地铁用颤抖的手批改资料,0,0,0,2023-04-22 21:56,,,,,浙江,黄V
4893445371469943,MDcWl6aoL,3877456382,新城法院,【#老人乘地铁用颤抖的手批改资料#，网友：这才是值得尊敬的人】4月21日，陕西西安。石先生坐地铁时看到一位老人专心致志的在批改手里的资料。石先生表示大家都在玩手机，只有这个老人拿笔在那里写写画画，当时感觉他非常认真，自己也很感动。网友纷纷表示，这才是值得尊敬的人。@西部决策L西部决策的微博视频,,,西部决策,老人乘地铁用颤抖的手批改资料,0,0,1,2023-04-22 21:55,微博视频号,,"http://f.video.weibocdn.com/o0/ssiFFMHglx084Rusww6k010412005EKo0E010.mp4?label=mp4_720p&template=720x1280.24.0&ori=0&ps=1BVp4ysnknHVZu&Expires=1725141163&ssig=bLcRyWXBD8&KID=unistore,video",,,蓝V
4893445112207336,MDcVV9gec,2703141045,洛川斌哥,#老人乘地铁用颤抖的手批改资料#老人乘地铁用颤抖的手批改资料#有机、原生态种植的苹果#网友:这才是最尊敬的人！,,,,"老人乘地铁用颤抖的手批改资料,有机、原生态种植的苹果",4,6,13,2023-04-22 21:54,洛川新农人斌哥超话,"https://wx4.sinaimg.cn/large/a11ea8b5ly1hd8ti0wgzbj20u01ccgwb.jpg,https://wx4.sinaimg.cn/large/a11ea8b5ly1hd8ti1xr4lj20u01ban7v.jpg,https://wx3.sinaimg.cn/large/a11ea8b5ly1hd8ti2htw0j20u01c9137.jpg,https://wx1.sinaimg.cn/large/a11ea8b5ly1hd8ti304iej20u01c5gwf.jpg,https://wx2.sinaimg.cn/large/a11ea8b5ly1hd8ti3kef0j20u01c4aky.jpg,https://wx1.sinaimg.cn/large/a11ea8b5ly1hd8ti432poj20u01br49a.jpg",,,陕西,黄V
4893430943326672,MDcz4dXq0,1962047190,在最美的年纪遇见伱,#老人乘地铁用颤抖的手批改资料#这认真工作的样子值得向老人致敬,,,,老人乘地铁用颤抖的手批改资料,0,0,0,2023-04-22 20:58,iPhone客户端,,,,天津,黄V
4893445108533882,MDcVUzO3g,5799440362,7了头驴,最近犯猪瘾，每天绕路也得吃顿这个睡前早餐，比711店员全勤还要更勤奋几天#年轻人绕远路用颤抖的嘴啃鲷鱼烧冰淇淋##老人乘地铁用颤抖的手批改资料#,,,,"年轻人绕远路用颤抖的嘴啃鲷鱼烧冰淇淋,老人乘地铁用颤抖的手批改资料",0,0,2,2023-04-22 21:54,微博轻享版,https://wx4.sinaimg.cn/large/006ktRmGly1hd8tipywfpj30u01hcanl.jpg,,,北京,普通用户
4893429274514749,MDcwniWux,6081664912,法律生活,#老人乘地铁用颤抖的手批改资料#致敬！值得尊重的人！,,,,老人乘地铁用颤抖的手批改资料,0,0,1,2023-04-22 20:51,荣耀8X,https://wx4.sinaimg.cn/large/006DA2Ryly1hd8rp9f7shj30u01d910m.jpg,,,河南,黄V
4893445015210954,MDcVLlRBE,3877456382,新城法院,#小菏播报#【#老人乘地铁用颤抖的手批改资料#，网友：这才是值得尊敬的人】4月21日，陕西西安。石先生坐地铁时看到一位老人专心致志的在批改手里的资料。石先生表示大家都在玩手机，只有这个老人拿笔在那里写写画画，当时感觉他非常认真，自己也很感动。网友纷纷表示，这才是值得尊敬的人。@西部决策L西部决策的微博视频,,,西部决策,"小菏播报,老人乘地铁用颤抖的手批改资料",0,0,1,2023-04-22 21:54,微博视频号,,"http://f.video.weibocdn.com/o0/ssiFFMHglx084Rusww6k010412005EKo0E010.mp4?label=mp4_720p&template=720x1280.24.0&ori=0&ps=1BVp4ysnknHVZu&Expires=1725141163&ssig=bLcRyWXBD8&KID=unistore,video",,,蓝V
4893428716405739,MDcvtqSqn,7764931195,淄博日报,【#老人乘地铁用颤抖的手批改资料#，网友：这才是值得尊敬的人】4月21日，陕西西安。石先生坐地铁时看到一位老人专心致志的在批改手里的资料。石先生表示大家都在玩手机，只有这个老人拿笔在那里写写画画，当时感觉他非常认真，自己也很感动。网友纷纷表示，这才是值得尊敬的人。@西部决策L西部决策的微博视频,,,西部决策,老人乘地铁用颤抖的手批改资料,1,0,1,2023-04-22 20:49,微博视频号,,"http://f.video.weibocdn.com/o0/ssiFFMHglx084Rusww6k010412005EKo0E010.mp4?label=mp4_720p&template=720x1280.24.0&ori=0&ps=1BVp4ysnknHVZu&Expires=1725141165&ssig=REqcogUyoq&KID=unistore,video",,,蓝V
4893444143058347,MDcUmcPCb,1307197312,顺庆公安,【#老人乘地铁用颤抖的手批改资料#，网友：这才是值得尊敬的人】4月21日，陕西西安。石先生坐地铁时看到一位老人专心致志的在批改手里的资料。石先生表示大家都在玩手机，只有这个老人拿笔在那里写写画画，当时感觉他非常认真，自己也很感动。网友纷纷表示，这才是值得尊敬的人。@西部决策L西部决策的微博视频,,,西部决策,老人乘地铁用颤抖的手批改资料,0,2,2,2023-04-22 21:51,微博视频号,,"http://f.video.weibocdn.com/o0/ssiFFMHglx084Rusww6k010412005EKo0E010.mp4?label=mp4_720p&template=720x1280.24.0&ori=0&ps=1BVp4ysnknHVZu&Expires=1725141163&ssig=bLcRyWXBD8&KID=unistore,video",,,蓝V
4893427537807182,MDctzwL0i,3004938340,陕西省教育厅,【#老人乘地铁用颤抖的手批改资料#，网友：这才是值得尊敬的人】4月21日，陕西西安。石先生坐地铁时看到一位老人专心致志的在批改手里的资料。石先生表示大家都在玩手机，只有这个老人拿笔在那里写写画画，当时感觉他非常认真，自己也很感动。网友纷纷表示，这才是值得尊敬的人。L西部决策的微博视频,,,,老人乘地铁用颤抖的手批改资料,0,0,5,2023-04-22 20:45,iPhone客户端,,"http://f.video.weibocdn.com/o0/ssiFFMHglx084Rusww6k010412005EKo0E010.mp4?label=mp4_720p&template=720x1280.24.0&ori=0&ps=1BVp4ysnknHVZu&Expires=1725141165&ssig=REqcogUyoq&KID=unistore,video",,,蓝V
4893443556640003,MDcTprRmP,7821799050,沁县政法,【#老人乘地铁用颤抖的手批改资料#，网友：这才是值得尊敬的人】4月21日，陕西西安。石先生坐地铁时看到一位老人专心致志的在批改手里的资料。石先生表示大家都在玩手机，只有这个老人拿笔在那里写写画画，当时感觉他非常认真，自己也很感动。网友纷纷表示，这才是值得尊敬的人。@西部决策L西部决策的微博视频,,,西部决策,老人乘地铁用颤抖的手批改资料,0,0,2,2023-04-22 21:48,微博视频号,,"http://f.video.weibocdn.com/o0/ssiFFMHglx084Rusww6k010412005EKo0E010.mp4?label=mp4_720p&template=720x1280.24.0&ori=0&ps=1BVp4ysnknHVZu&Expires=1725141163&ssig=bLcRyWXBD8&KID=unistore,video",,,蓝V
4893427416176846,MDctnpUSy,5582714760,DYL飞雪,#老人乘地铁用颤抖的手批改资料#90后的榜样,,,,老人乘地铁用颤抖的手批改资料,0,0,0,2023-04-22 20:44,肖战顺顺利利,,,,湖南,红V
4893416200608085,MDcbi2ybP,1750070171,36氪,【#氪星播报#｜4月22日晚间都有哪些#今日大事件#？】￼￼Top3大新闻1、#主办方回应上海车展禁止送冰淇淋#：情况属实，宝马MINI事件带来麻烦2、#苏州一公司通知员工卖宝马否则开除#，公司回应：情况属实，换车给20000元奖励3、#月收入过万是什么水平#：一季度20个行业招聘薪酬超1万，最高涨至2.5万￼￼科技财经互联网热点1、#谷歌CEO年薪高达15亿#，相当于谷歌员工去年平均年收入的800多倍2、#特斯拉一周蒸发逾5000亿元#，周四业绩公布当日跌幅最大3、#前苹果设计总监获爱迪生成就奖#，曾为查尔斯国王设计皇家徽章4、#马斯克预计2个月内再次尝试发射星舰#，此前首次轨道级试飞以失败告终￼还有哪些其他要闻1、#女子喝中药一周发现成分是蟑螂#，有严重胃病，中医开的药2、#男子一口气买8公斤金条藏厕所楼道#，涉嫌掩饰、隐瞒犯罪所得罪3、#浙江一大坝挖出生长十几年白蚁后#，体形硕大，有5厘米左右4、#熊猫阿宝耳朵被七仔咬成V形#，工作人员回应：无大碍，会随时关注5、#当事人要求宝马MINI道歉#，此前发生女子展台直播被拖走事件6、#老人乘地铁用颤抖的手批改资料#，专心致志7、截至4月22日14时16分，#灌篮高手票房破3亿#,,,,"氪星播报,今日大事件,主办方回应上海车展禁止送冰淇淋,苏州一公司通知员工卖宝马否则开除,月收入过万是什么水平,谷歌CEO年薪高达15亿,特斯拉一周蒸发逾5000亿元,前苹果设计总监获爱迪生成就奖,马斯克预计2个月内再次尝试发射星舰,女子喝中药一周发现成分是蟑螂,男子一口气买8公斤金条藏厕所楼道,浙江一大坝挖出生长十几年白蚁后,熊猫阿宝耳朵被七仔咬成V形,当事人要求宝马MINI道歉,老人乘地铁用颤抖的手批改资料,灌篮高手票房破3亿",0,0,3,2023-04-22 20:00,微博网页版,https://wx3.sinaimg.cn/large/001Ur7cfly1hd8pct4qp4j60nm294b2a02.jpg,,,,蓝V
4893416141624107,MDcbc6Ovh,6221864052,养基滚雪球,#老人乘地铁用颤抖的手批改资料#以后让你干到65退休这样的事就会经常出现了,,,,老人乘地铁用颤抖的手批改资料,0,0,9,2023-04-22 19:59,一路红的iPhone客户端,,,,山东,红V
4893416028637102,MDcb0AeU6,5832110546,雅安市交警支队直属三大队,【#老人乘地铁用颤抖的手批改资料#，网友：这才是值得尊敬的人】4月21日，陕西西安。石先生坐地铁时看到一位老人专心致志的在批改手里的资料。石先生表示大家都在玩手机，只有这个老人拿笔在那里写写画画，当时感觉他非常认真，自己也很感动。网友纷纷表示，这才是值得尊敬的人。@西部决策L西部决策的微博视频,,,西部决策,老人乘地铁用颤抖的手批改资料,0,3,3,2023-04-22 19:59,iPhone客户端,,"http://f.video.weibocdn.com/o0/ssiFFMHglx084Rusww6k010412005EKo0E010.mp4?label=mp4_720p&template=720x1280.24.0&ori=0&ps=1BVp4ysnknHVZu&Expires=1725141167&ssig=dPidzIZtwS&KID=unistore,video",,,蓝V
4893415995606273,MDcaXnwrL,1891366595,宋清辉,#老人乘地铁用颤抖的手批改资料#老人很明显已经跟不上时代了，希望各大科技公司在适老化方面持续努力，为老年人提供温暖，帮助他们跨越数字鸿沟。#宋清辉社会问题研究#,,,,"老人乘地铁用颤抖的手批改资料,宋清辉社会问题研究",0,0,6,2023-04-22 19:59,,https://wx1.sinaimg.cn/large/70bbf6c3gy1hd8q6c2z4qj20zu0n1gtb.jpg,,,广东,黄V
4893401080665553,MDbMU2N8J,7829157316,任嘉伦的小宝贝1号,#老人乘地铁用颤抖的手批改资料#值得尊敬,,,,老人乘地铁用颤抖的手批改资料,0,0,0,2023-04-22 18:59,荣耀30 5G,,,,上海,普通用户
4893415864533650,MDcaKj1po,7563467137,模饭宁,#老人乘地铁用颤抖的手批改资料#真的真的会为真诚的人动容！,,,,老人乘地铁用颤抖的手批改资料,0,0,0,2023-04-22 19:58,宁宝女ⓝAndroid,,,,新疆,黄V
4893400875146989,MDbMzlAXX,1969514387,jnny今夕何夕,#老人乘地铁用颤抖的手批改资料#用心做事，负责任的人并不会因为老就马虎做餐饮的能明白,,,,老人乘地铁用颤抖的手批改资料,0,0,1,2023-04-22 18:59,iPhone客户端,https://wx3.sinaimg.cn/large/75646793gy1hd8oe61t6fj20hi0s4aff.jpg,,,广东,普通用户
4893415802667727,MDcaEbbZR,6310457939,Will5976,#老人乘地铁用颤抖的手批改资料#肃然起敬了,,,,老人乘地铁用颤抖的手批改资料,0,0,0,2023-04-22 19:58,SongLiuTNT废话小天才,,,,山西,黄V
4893400253338210,MDbLze0q6,7720651752,落日笔记i,#老人乘地铁用颤抖的手批改资料#致敬,,,,老人乘地铁用颤抖的手批改资料,0,0,0,2023-04-22 18:56,真我 V20,,,,湖北,黄V
4893415798739487,MDcaDAFxt,1838672663,华夏时报,【#老人乘地铁用颤抖的手批改资料#，网友：这才是值得尊敬的人】4月21日，陕西西安。石先生坐地铁时看到一位老人专心致志的在批改手里的资料。石先生表示大家都在玩手机，只有这个老人拿笔在那里写写画画，当时感觉他非常认真，自己也很感动。网友纷纷表示，这才是值得尊敬的人。@西部决策L西部决策的微博视频,,,西部决策,老人乘地铁用颤抖的手批改资料,0,0,0,2023-04-22 19:58,微博视频号,,"http://f.video.weibocdn.com/o0/ssiFFMHglx084Rusww6k010412005EKo0E010.mp4?label=mp4_720p&template=720x1280.24.0&ori=0&ps=1BVp4ysnknHVZu&Expires=1725141167&ssig=dPidzIZtwS&KID=unistore,video",,,蓝V
4893400199340820,MDbLtDbYo,3226789854,平安通川,【#老人乘地铁用颤抖的手批改资料#，网友：这才是值得尊敬的人】4月21日，陕西西安。石先生坐地铁时看到一位老人专心致志的在批改手里的资料。石先生表示大家都在玩手机，只有这个老人拿笔在那里写写画画，当时感觉他非常认真，自己也很感动。网友纷纷表示，这才是值得尊敬的人。@西部决策L西部决策的微博视频,,,西部决策,老人乘地铁用颤抖的手批改资料,0,10,8,2023-04-22 18:56,iPhone客户端,,"http://f.video.weibocdn.com/o0/ssiFFMHglx084Rusww6k010412005EKo0E010.mp4?label=mp4_720p&template=720x1280.24.0&ori=0&ps=1BVp4ysnknHVZu&Expires=1725141167&ssig=dPidzIZtwS&KID=unistore,video",,,蓝V
4893415375111653,MDc9XlrM1,6079163800,王卷我当定了,#老人乘地铁用颤抖的手批改资料#对不起，我经常在PPT上修改出租车，因为拖延症。而且，老龄化严重的话，你们几十年以后可以用老年卡去上早八奥,,,,老人乘地铁用颤抖的手批改资料,0,0,0,2023-04-22 19:56,小米11 青春版,,,,广东,普通用户
4893385737636404,MDbo9w2zO,3992059967,justdoittt,#老人乘地铁用颤抖的手批改资料#如果不是摆拍，那么公共场合tou拍别人，再发到网上，礼貌吗？合适吗？再一看话题主持人，西部决策，呵呵，搞热搜常客了,,,,老人乘地铁用颤抖的手批改资料,0,0,29,2023-04-22 17:58,HUAWEI P30,,,,北京,普通用户
4893383577307568,MDbkFuF20,6724296583,民生温度计,【#老人乘地铁用颤抖的手批改资料#，网友：这才是值得尊敬的人】4月21日，陕西西安。石先生坐地铁时看到一位老人专心致志的在批改手里的资料。石先生表示大家都在玩手机，只有这个老人拿笔在那里写写画画，当时感觉他非常认真，自己也很感动。网友纷纷表示，这才是值得尊敬的人。@西部决策L西部决策的微博视频,,,西部决策,老人乘地铁用颤抖的手批改资料,1,1,4,2023-04-22 17:50,微博视频号,,"http://f.video.weibocdn.com/o0/ssiFFMHglx084Rusww6k010412005EKo0E010.mp4?label=mp4_720p&template=720x1280.24.0&ori=0&ps=1BVp4ysnknHVZu&Expires=1725141169&ssig=V78Q7dSmQN&KID=unistore,video",,,蓝V
4893383577306337,MDbkFuEI9,7750822151,新浪新闻滚动,【#老人乘地铁用颤抖的手批改资料#，网友：这才是值得尊敬的人】4月21日，陕西西安。石先生坐地铁时看到一位老人专心致志的在批改手里的资料。石先生表示大家都在玩手机，只有这个老人拿笔在那里写写画画，当时感觉他非常认真，自己也很感动。网友纷纷表示，这才是值得尊敬的人。@西部决策L西部决策的微博视频,,,西部决策,老人乘地铁用颤抖的手批改资料,0,0,0,2023-04-22 17:50,微博视频号,,"http://f.video.weibocdn.com/o0/ssiFFMHglx084Rusww6k010412005EKo0E010.mp4?label=mp4_720p&template=720x1280.24.0&ori=0&ps=1BVp4ysnknHVZu&Expires=1725141169&ssig=V78Q7dSmQN&KID=unistore,video",,,蓝V
4893383573377354,MDbkFeaBs,2318910945,新浪热点,【#老人乘地铁用颤抖的手批改资料#，网友：这才是值得尊敬的人】4月21日，陕西西安。石先生坐地铁时看到一位老人专心致志的在批改手里的资料。石先生表示大家都在玩手机，只有这个老人拿笔在那里写写画画，当时感觉他非常认真，自己也很感动。网友纷纷表示，这才是值得尊敬的人。@西部决策L西部决策的微博视频,,,西部决策,老人乘地铁用颤抖的手批改资料,1,4,39,2023-04-22 17:50,微博视频号,,"http://f.video.weibocdn.com/o0/ssiFFMHglx084Rusww6k010412005EKo0E010.mp4?label=mp4_720p&template=720x1280.24.0&ori=0&ps=1BVp4ysnknHVZu&Expires=1725141169&ssig=V78Q7dSmQN&KID=unistore,video",,,蓝V
4893383572855428,MDbkFbYPi,7761805397,微资讯,【#老人乘地铁用颤抖的手批改资料#，网友：这才是值得尊敬的人】4月21日，陕西西安。石先生坐地铁时看到一位老人专心致志的在批改手里的资料。石先生表示大家都在玩手机，只有这个老人拿笔在那里写写画画，当时感觉他非常认真，自己也很感动。网友纷纷表示，这才是值得尊敬的人。@西部决策L西部决策的微博视频,,,西部决策,老人乘地铁用颤抖的手批改资料,0,0,0,2023-04-22 17:50,微博视频号,,"http://f.video.weibocdn.com/o0/ssiFFMHglx084Rusww6k010412005EKo0E010.mp4?label=mp4_720p&template=720x1280.24.0&ori=0&ps=1BVp4ysnknHVZu&Expires=1725141169&ssig=V78Q7dSmQN&KID=unistore,video",,,蓝V
4893382541577283,MDbj06Ck3,7687788701,梧桐Video,【#老人乘地铁用颤抖的手批改资料# ，网友：这才是值得尊敬的人】4月21日，陕西西安。石先生在乘坐地铁时，我看到一位老人专注于纠正手中的资料。石先生表示大家都在玩手机，只有这个老人拿笔在那里写写画画，感觉他非常认真，自己也很感动。网友纷纷表示，这才是值得尊敬的人。@西部决策L西部决策的微博视频,,,西部决策,老人乘地铁用颤抖的手批改资料,0,0,0,2023-04-22 17:46,微博视频号,,"http://f.video.weibocdn.com/o0/ssiFFMHglx084Rusww6k010412005EKo0E010.mp4?label=mp4_720p&template=720x1280.24.0&ori=0&ps=1BVp4ysnknHVZu&Expires=1725141169&ssig=V78Q7dSmQN&KID=unistore,video",,,蓝V
4893306934265310,MD9l3hTBk,5587382201,临沂日报,【#老人乘地铁用颤抖的手批改资料#，网友：这才是值得尊敬的人】4月21日，陕西西安。一位老人在地铁上手批文献双手微颤眉头紧锁。拍摄者石先生称，老人应该是一位老师，刚开始以为他只是看一些简单的文章，但随着他拿出红笔勾划并且眉头紧锁就觉得不是那么简单。当时觉得地铁上基本都在玩手机，但还有那几个人做一些很有意义的事，值得学习和尊敬。@后浪视频L后浪视频的微博视频,,,后浪视频,老人乘地铁用颤抖的手批改资料,0,0,0,2023-04-22 12:45,微博视频号,,"http://f.video.weibocdn.com/o0/rjLOYMkIlx084RsYfPN601041200aIoM0E010.mp4?label=mp4_720p&template=720x1280.24.0&ori=0&ps=1BVp4ysnknHVZu&Expires=1725141175&ssig=ApLFWSVd23&KID=unistore,video",,,蓝V
4893292384750213,MD8XAjVKl,1970832281,西部大开发杂志,【#老人乘地铁用颤抖的手批改资料#，网友：这才是值得尊敬的人】4月21日，陕西西安。石先生在乘坐地铁时，我看到一位老人专注于纠正手中的资料。石先生表示大家都在玩手机，只有这个老人拿笔在那里写写画画，感觉他非常认真，自己也很感动。网友纷纷表示，这才是值得尊敬的人。,,,,老人乘地铁用颤抖的手批改资料,0,0,0,2023-04-22 11:48,微博网页版,https://wx2.sinaimg.cn/large/75788399ly1hd8box3m8wj21hc0u049t.jpg,,,,蓝V
4893292132832451,MD8XbbSQH,7746451627,大树财经,【#老人乘地铁用颤抖的手批改资料#，网友：这才是值得尊敬的人】4月21日，陕西西安。石先生在乘坐地铁时，我看到一位老人专注于纠正手中的资料。石先生表示大家都在玩手机，只有这个老人拿笔在那里写写画画，感觉他非常认真，自己也很感动。网友纷纷表示，这才是值得尊敬的人。@西部决策L西部决策的微博视频,,,西部决策,老人乘地铁用颤抖的手批改资料,0,0,0,2023-04-22 11:47,微博视频号,,"http://f.video.weibocdn.com/o0/ssiFFMHglx084Rusww6k010412005EKo0E010.mp4?label=mp4_720p&template=720x1280.24.0&ori=0&ps=1BVp4ysnknHVZu&Expires=1725141176&ssig=0Vsi8eNATs&KID=unistore,video",,,蓝V
4893291881436442,MD8WM61Gq,7744053157,巨浪视频,【#老人乘地铁用颤抖的手批改资料#，网友：这才是值得尊敬的人】4月21日，陕西西安。石先生在乘坐地铁时，我看到一位老人专注于纠正手中的资料。石先生表示大家都在玩手机，只有这个老人拿笔在那里写写画画，感觉他非常认真，自己也很感动。@西部决策L西部决策的微博视频,,,西部决策,老人乘地铁用颤抖的手批改资料,0,0,0,2023-04-22 11:46,微博视频号,,"http://f.video.weibocdn.com/o0/ssiFFMHglx084Rusww6k010412005EKo0E010.mp4?label=mp4_720p&template=720x1280.24.0&ori=0&ps=1BVp4ysnknHVZu&Expires=1725141176&ssig=0Vsi8eNATs&KID=unistore,video",,,蓝V
4893291629777172,MD8WmF1uk,7467694254,西部决策D财经,【#老人乘地铁用颤抖的手批改资料#，网友：这才是值得尊敬的人】4月21日，陕西西安。石先生坐地铁时看到一位老人专心致志的在批改手里的资料。石先生表示大家都在玩手机，只有这个老人拿笔在那里写写画画，感觉他非常认真，自己也很感动。网友纷纷表示，这才是值得尊敬的人。@西部决策L西部决策的微博视频,,,西部决策,老人乘地铁用颤抖的手批改资料,1,0,0,2023-04-22 11:45,微博视频号,,"http://f.video.weibocdn.com/o0/ssiFFMHglx084Rusww6k010412005EKo0E010.mp4?label=mp4_720p&template=720x1280.24.0&ori=0&ps=1BVp4ysnknHVZu&Expires=1725141176&ssig=0Vsi8eNATs&KID=unistore,video",,,蓝V
4893290984637354,MD8Vkjso2,6313391623,歙县反邪,【#老人乘地铁用颤抖的手批改资料#，网友：这才是值得尊敬的人】4月21日，陕西西安。石先生坐地铁时看到一位老人专心致志的在批改手里的资料。石先生表示大家都在玩手机，只有这个老人拿笔在那里写写画画，当时感觉他非常认真，自己也很感动。网友纷纷表示，这才是值得尊敬的人。@西部决策L西部决策的微博视频,,,西部决策,老人乘地铁用颤抖的手批改资料,36,26,44,2023-04-22 11:42,微博视频号,,"http://f.video.weibocdn.com/o0/ssiFFMHglx084Rusww6k010412005EKo0E010.mp4?label=mp4_720p&template=720x1280.24.0&ori=0&ps=1BVp4ysnknHVZu&Expires=1725141176&ssig=0Vsi8eNATs&KID=unistore,video",,,蓝V
4893290602695296,MD8UIbjaw,1994238825,渭南日报社,【#老人乘地铁用颤抖的手批改资料#，网友：这才是值得尊敬的人】4月21日，陕西西安。石先生坐地铁时看到一位老人专心致志的在批改手里的资料。石先生表示大家都在玩手机，只有这个老人拿笔在那里写写画画，当时感觉他非常认真，自己也很感动。网友纷纷表示，这才是值得尊敬的人。L西部决策的微博视频,,,,老人乘地铁用颤抖的手批改资料,0,0,0,2023-04-22 11:40,微博视频号,,"http://f.video.weibocdn.com/o0/ssiFFMHglx084Rusww6k010412005EKo0E010.mp4?label=mp4_720p&template=720x1280.24.0&ori=0&ps=1BVp4ysnknHVZu&Expires=1725141176&ssig=0Vsi8eNATs&KID=unistore,video",,,蓝V
4893289247933654,MD8SwxhUa,7551227875,西部文艺,【#老人乘地铁用颤抖的手批改资料#，网友：这才是值得尊敬的人】4月21日，陕西西安。石先生坐地铁时看到一位老人专心致志的在批改手里的资料。石先生表示大家都在玩手机，只有这个老人拿笔在那里写写画画，感觉他非常认真，自己也很感动。@西部决策L西部决策的微博视频,,,西部决策,老人乘地铁用颤抖的手批改资料,0,0,0,2023-04-22 11:35,微博视频号,,"http://f.video.weibocdn.com/o0/ssiFFMHglx084Rusww6k010412005EKo0E010.mp4?label=mp4_720p&template=720x1280.24.0&ori=0&ps=1BVp4ysnknHVZu&Expires=1725141176&ssig=0Vsi8eNATs&KID=unistore,video",,,蓝V
4893284117779099,MD8KfwDHl,6168007956,搜狐千里眼,【独善其身！#白发老人在刷视频的小伙旁静心阅读#】4月21日，陕西西安。头发花白老人地铁上静心阅读，跟旁边玩手机的年轻人形成鲜明对比。拍摄者石先生称，自己看到很有感触，觉得年轻人应该向老人学习，在知识和学习上多些努力。#老人乘地铁用颤抖的手批改资料#@搜狐千里眼L搜狐千里眼的微博视频,,,搜狐千里眼,"白发老人在刷视频的小伙旁静心阅读,老人乘地铁用颤抖的手批改资料",0,9,35,2023-04-22 11:15,微博视频号,,"http://f.video.weibocdn.com/o0/oeOJn7Hflx084RtmvuDu01041200f98m0E010.mp4?label=mp4_720p&template=720x1280.24.0&ori=0&ps=1BVp4ysnknHVZu&Expires=1725141176&ssig=1VJY%2BEq6eJ&KID=unistore,video",,,蓝V
4893282686993144,MD8HWtleE,7647806002,后浪视频,【#老学者地铁上双手微颤手批文献#，网友：这才是值得尊敬的人】#老人乘地铁用颤抖的手批改资料#4月21日，陕西西安。一位老人在地铁上手批文献双手微颤眉头紧锁。拍摄者石先生称，老人应该是一位老师，刚开始以为他只是看一些简单的文章，但随着他拿出红笔勾划并且眉头紧锁就觉得不是那么简单。当时觉得地铁上基本都在玩手机，但还有那几个人做一些很有意义的事，值得学习和尊敬。@后浪视频L后浪视频的微博视频,,,后浪视频,"老学者地铁上双手微颤手批文献,老人乘地铁用颤抖的手批改资料",4,5,25,2023-04-22 11:09,微博视频号,,"http://f.video.weibocdn.com/o0/rjLOYMkIlx084RsYfPN601041200aIoM0E010.mp4?label=mp4_720p&template=720x1280.24.0&ori=0&ps=1BVp4ysnknHVZu&Expires=1725141176&ssig=MssNNh%2Fvgg&KID=unistore,video",,,蓝V
4893697957431527,MDjvJvbhl,3840904562,昆明官渡发布,【#老人乘地铁用颤抖的手批改资料#，网友：这才是值得尊敬的人】4月21日，陕西西安。乘客石先生坐地铁时看到一位老人专心致志的在批改手里的资料。石先生表示大家都在玩手机，只有这个老人拿笔在那里写写画画，当时感觉他非常认真，自己也很感动。网友纷纷表示，这才是值得尊敬的人。L西部决策的微博视频,,,,老人乘地铁用颤抖的手批改资料,0,0,1,2023-04-23 14:39,微博视频号,,"http://f.video.weibocdn.com/o0/ssiFFMHglx084Rusww6k010412005EKo0E010.mp4?label=mp4_720p&template=720x1280.24.0&ori=0&ps=1BVp4ysnknHVZu&Expires=1725141183&ssig=daZQqy1RvL&KID=unistore,video",,,蓝V
4893697307050091,MDjuGtA39,1942357207,铜陵公安在线,【#老人乘地铁用颤抖的手批改资料#，网友：这才是值得尊敬的人】4月21日，陕西西安。石先生坐地铁时看到一位老人专心致志的在批改手里的资料。石先生表示大家都在玩手机，只有这个老人拿笔在那里写写画画，当时感觉他非常认真，自己也很感动。网友纷纷表示，这才是值得尊敬的人。@西部决策L西部决策的微博视频,,,西部决策,老人乘地铁用颤抖的手批改资料,7,8,9,2023-04-23 14:37,微博视频号,,"http://f.video.weibocdn.com/o0/ssiFFMHglx084Rusww6k010412005EKo0E010.mp4?label=mp4_720p&template=720x1280.24.0&ori=0&ps=1BVp4ysnknHVZu&Expires=1725141183&ssig=daZQqy1RvL&KID=unistore,video",,,蓝V
4893597344992400,MDgTskWKA,3881380517,新华日报,【#老人乘地铁用颤抖的手批改资料#，网友：这才是值得尊敬的人】4月21日，陕西西安。乘客石先生坐地铁时看到一位老人专心致志的在批改手里的资料。石先生表示大家都在玩手机，只有这个老人拿笔在那里写写画画，当时感觉他非常认真，自己也很感动。网友纷纷表示，这才是值得尊敬的人。L西部决策的微博视频,,,,老人乘地铁用颤抖的手批改资料,14,7,37,2023-04-23 07:59,微博视频号,,"http://f.video.weibocdn.com/o0/ssiFFMHglx084Rusww6k010412005EKo0E010.mp4?label=mp4_720p&template=720x1280.24.0&ori=0&ps=1BVp4ysnknHVZu&Expires=1725141183&ssig=daZQqy1RvL&KID=unistore,video",,,
4893692961228093,MDjnG59tX,7517264850,莲藕人08333,【#老人乘地铁用颤抖的手批改资料#，网友：这才是值得尊敬的人】4月21日，陕西西安。乘客石先生坐地铁时看到一位老人专心致志的在批改手里的资料。石先生表示大家都在玩手机，只有这个老人拿笔在那里写写画画，当时感觉他非常认真，自己也很感动。网友纷纷表示，这才是值得尊敬的人。,,,,老人乘地铁用颤抖的手批改资料,0,0,37,2023-04-23 14:19,HUAWEI nova 3,,,4893597344992400,湖南,普通用户
4893692790051739,MDjnp0dsv,7347387037,邓轶夫,轶夫当观超话【#老人乘地铁用颤抖的手批改资料#，网友：这才是值得尊敬的人】4月21日，陕西西安。石先生坐地铁时看到一位老人专心致志的在批改手里的资料。石先生表示大家都在玩手机，只有这个老人拿笔在那里写写画画，当时感觉他非常认真，自己也很感动。网友纷纷表示，这才是值得尊敬的人。@西部决策L西部决策的微博视频,,,西部决策,老人乘地铁用颤抖的手批改资料,0,0,0,2023-04-23 14:19,轶夫当观超话,,"http://f.video.weibocdn.com/o0/ssiFFMHglx084Rusww6k010412005EKo0E010.mp4?label=mp4_720p&template=720x1280.24.0&ori=0&ps=1BVp4ysnknHVZu&Expires=1725141183&ssig=daZQqy1RvL&KID=unistore,video",,辽宁,普通用户
4893689154112651,MDjhxhfT5,3201440542,兰州日报官方,【#老人乘地铁用颤抖的手批改资料#，网友：这才是值得尊敬的人】4月21日，陕西西安。乘客石先生坐地铁时看到一位老人专心致志的在批改手里的资料。石先生表示大家都在玩手机，只有这个老人拿笔在那里写写画画，当时感觉他非常认真，自己也很感动。网友纷纷表示，这才是值得尊敬的人。L西部决策的微博视频,,,,老人乘地铁用颤抖的手批改资料,1,0,0,2023-04-23 14:04,iPhone客户端,,"http://f.video.weibocdn.com/o0/ssiFFMHglx084Rusww6k010412005EKo0E010.mp4?label=mp4_720p&template=720x1280.24.0&ori=0&ps=1BVp4ysnknHVZu&Expires=1725141183&ssig=daZQqy1RvL&KID=unistore,video",,甘肃,普通用户
4893687944842318,MDjfAkjHU,5659349251,东营区政务,【#老人乘地铁用颤抖的手批改资料#，网友：这才是值得尊敬的人】4月21日，陕西西安。石先生坐地铁时看到一位老人专心致志的在批改手里的资料。石先生表示大家都在玩手机，只有这个老人拿笔在那里写写画画，当时感觉他非常认真，自己也很感动。网友纷纷表示，这才是值得尊敬的人。@西部决策L西部决策的微博视频,,,西部决策,老人乘地铁用颤抖的手批改资料,0,0,0,2023-04-23 13:59,iPhone客户端,,"http://f.video.weibocdn.com/o0/ssiFFMHglx084Rusww6k010412005EKo0E010.mp4?label=mp4_720p&template=720x1280.24.0&ori=0&ps=1BVp4ysnknHVZu&Expires=1725141183&ssig=daZQqy1RvL&KID=unistore,video",,,蓝V
4893678219562653,MDiZTE7Gl,6047639312,凉亭镇官方微博,转发//@芜湖反邪教:#老人乘地铁用颤抖的手批改资料#，网友：这才是值得尊敬的人,,,芜湖反邪教,老人乘地铁用颤抖的手批改资料,0,0,0,2023-04-23 13:21,nova8Pro我由我掌镜,,,,,蓝V
4893447250780468,MDcZn3h2c,6189890493,豫教思语,#思语能量站#【#老人乘地铁用颤抖的手批改资料#，网友：这才是值得尊敬的人】4月21日，陕西西安。石先生坐地铁时看到一位老人专心致志的在批改手里的资料。石先生表示大家都在玩手机，只有这个老人拿笔在那里写写画画，当时感觉他非常认真，自己也很感动。网友纷纷表示，这才是值得尊敬的人。#奋勇争先更加出彩#L西部决策的微博视频,,,,"思语能量站,老人乘地铁用颤抖的手批改资料,奋勇争先更加出彩",0,0,2,2023-04-22 22:03,微博视频号,,"http://f.video.weibocdn.com/o0/ssiFFMHglx084Rusww6k010412005EKo0E010.mp4?label=mp4_720p&template=720x1280.24.0&ori=0&ps=1BVp4ysnknHVZu&Expires=1725141169&ssig=V78Q7dSmQN&KID=unistore,video",,,蓝V
4893446932794032,MDcYRbIR2,5544721911,西安城事儿,【#老人乘地铁用颤抖的手批改资料#，网友：这才是值得尊敬的人】4月21日，陕西西安。石先生坐地铁时看到一位老人专心致志的在批改手里的资料。石先生表示大家都在玩手机，只有这个老人拿笔在那里写写画画，当时感觉他非常认真，自己也很感动。网友纷纷表示，这才是值得尊敬的人。L西部决策的微博视频,,,,老人乘地铁用颤抖的手批改资料,1,1,1,2023-04-22 22:02,微博视频号,,"http://f.video.weibocdn.com/o0/ssiFFMHglx084Rusww6k010412005EKo0E010.mp4?label=mp4_720p&template=720x1280.24.0&ori=0&ps=1BVp4ysnknHVZu&Expires=1725141169&ssig=V78Q7dSmQN&KID=unistore,video",,浙江,黄V
4893427207245250,MDct2uoOS,3612484412,鱼不会游泳么,【#老人乘地铁用颤抖的手批改资料#，网友：这才是值得尊敬的人】4月21日，陕西西安。石先生坐地铁时看到一位老人专心致志的在批改手里的资料。石先生表示大家都在玩手机，只有这个老人拿笔在那里写写画画，当时感觉他非常认真，自己也很感动。网友纷纷表示，这才是值得尊敬的人。（西部决策）L西部决策的微博视频,,,,老人乘地铁用颤抖的手批改资料,0,0,0,2023-04-22 20:43,微博视频号,,"http://f.video.weibocdn.com/o0/ssiFFMHglx084Rusww6k010412005EKo0E010.mp4?label=mp4_720p&template=720x1280.24.0&ori=0&ps=1BVp4ysnknHVZu&Expires=1725141189&ssig=%2B1VlAymbKM&KID=unistore,video",,江西,普通用户
4893427126241538,MDcsUqbHY,2308941133,锦州播报,【#老人乘地铁用颤抖的手批改资料#，网友：这才是值得尊敬的人】4月21日，陕西西安。石先生坐地铁时看到一位老人专心致志的在批改手里的资料。石先生表示大家都在玩手机，只有这个老人拿笔在那里写写画画，当时感觉他非常认真，自己也很感动。网友纷纷表示，这才是值得尊敬的人。@西部决策L西部决策的微博视频,,,西部决策,老人乘地铁用颤抖的手批改资料,0,0,4,2023-04-22 20:43,锦州分享超话,,"http://f.video.weibocdn.com/o0/ssiFFMHglx084Rusww6k010412005EKo0E010.mp4?label=mp4_720p&template=720x1280.24.0&ori=0&ps=1BVp4ysnknHVZu&Expires=1725141189&ssig=%2B1VlAymbKM&KID=unistore,video",,,蓝V
4893426912593742,MDcszaSKy,2815224714,福建海博TV,【#老人乘地铁用颤抖的手批改资料#，网友：这才是值得尊敬的人】4月21日，陕西西安。石先生坐地铁时看到一位老人专心致志的在批改手里的资料。石先生表示大家都在玩手机，只有这个老人拿笔在那里写写画画，当时感觉他非常认真，自己也很感动。网友纷纷表示，这才是值得尊敬的人。@西部决策L西部决策的微博视频,,,西部决策,老人乘地铁用颤抖的手批改资料,0,0,1,2023-04-22 20:42,微博视频号,,"http://f.video.weibocdn.com/o0/ssiFFMHglx084Rusww6k010412005EKo0E010.mp4?label=mp4_720p&template=720x1280.24.0&ori=0&ps=1BVp4ysnknHVZu&Expires=1725141189&ssig=%2B1VlAymbKM&KID=unistore,video",,,蓝V
4893426547431760,MDcrYvbl6,7738903556,大明唐玄奘,#老人乘地铁用颤抖的手批改资料#这种八成科研工作者,,,,老人乘地铁用颤抖的手批改资料,0,0,0,2023-04-22 20:41,荣耀60 5G,,,,山东,普通用户
4893426384635030,MDcrIjrMy,2321615032,青春湖北,【#老人乘地铁用颤抖的手批改资料#，网友：这才是值得尊敬的人】4月21日，陕西西安。石先生坐地铁时看到一位老人专心致志的在批改手里的资料。石先生表示大家都在玩手机，只有这个老人拿笔在那里写写画画，当时感觉他非常认真，自己也很感动。网友纷纷表示，这才是值得尊敬的人。（西部决策）L西部决策的微博视频,,,,老人乘地铁用颤抖的手批改资料,2,1,9,2023-04-22 20:40,微博视频号,,"http://f.video.weibocdn.com/o0/ssiFFMHglx084Rusww6k010412005EKo0E010.mp4?label=mp4_720p&template=720x1280.24.0&ori=0&ps=1BVp4ysnknHVZu&Expires=1725141189&ssig=%2B1VlAymbKM&KID=unistore,video",,,蓝V
4893426358949199,MDcrFBy5V,6052852789,天才-V,#老人乘地铁用颤抖的手批改资料#放心，30年后90后也还在地铁里工作。。。,,,,老人乘地铁用颤抖的手批改资料,0,0,0,2023-04-22 20:40,iPhone 14 Pro(暗紫色),,,,山东,黄V
4893426140844039,MDcrk3xzx,1962117985,南国都市报,【#老人乘地铁用颤抖的手批改资料# ，网友：这才是值得尊敬的人】4月21日，陕西西安。石先生坐地铁时看到一位老人专心致志的在批改手里的资料。石先生表示大家都在玩手机，只有这个老人拿笔在那里写写画画，当时感觉他非常认真，自己也很感动。网友纷纷表示，这才是值得尊敬的人。via.西部决策L西部决策的微博视频,,,,老人乘地铁用颤抖的手批改资料,1,0,2,2023-04-22 20:39,微博视频号,,"http://f.video.weibocdn.com/o0/ssiFFMHglx084Rusww6k010412005EKo0E010.mp4?label=mp4_720p&template=720x1280.24.0&ori=0&ps=1BVp4ysnknHVZu&Expires=1725141189&ssig=%2B1VlAymbKM&KID=unistore,video",,,蓝V
4893426112009940,MDcrh8qSo,7826561355,我超爱吃抹茶酸奶泡芙,#老人乘地铁用颤抖的手批改资料#我的天,,,,老人乘地铁用颤抖的手批改资料,0,0,0,2023-04-22 20:39,nova9Pro精彩由我摄定,,,,四川,普通用户
4893426090248540,MDcrf12EI,2819813190,湖外微博协会,#老人乘地铁用颤抖的手批改资料#4月21日，陕西西安。石先生坐地铁时看到一位老人专心致志的在批改手里的资料。石先生表示大家都在玩手机，只有这个老人拿笔在那里写写画画，当时感觉他非常认真，自己也很感动。网友纷纷表示，这才是值得尊敬的人。@西部决策L西部决策的微博视频湖南外国语职业学院超话,,,西部决策,老人乘地铁用颤抖的手批改资料,0,1,1,2023-04-22 20:39,湖南外国语职业学院超话,,"http://f.video.weibocdn.com/o0/ssiFFMHglx084Rusww6k010412005EKo0E010.mp4?label=mp4_720p&template=720x1280.24.0&ori=0&ps=1BVp4ysnknHVZu&Expires=1725141189&ssig=%2B1VlAymbKM&KID=unistore,video",,广东,蓝V
4893443505001576,MDcTkkZ8A,5243765806,思予时麦,#老人乘地铁用颤抖的手批改资料#老一辈的人总是勤勤恳恳地做好每一件事,,,,老人乘地铁用颤抖的手批改资料,0,0,0,2023-04-22 21:48,爱心发射biubiu,,,,四川,黄V
4893442313814281,MDcRpg0gF,2752375765,AI孙国英,【#老人乘地铁用颤抖的手批改资料#，网友：这才是值得尊敬的人】4月21日，陕西西安。石先生坐地铁时看到一位老人专心致志的在批改手里的资料。石先生表示大家都在玩手机，只有这个老人拿笔在那里写写画画，当时感觉他非常认真，自己也很感动。网友纷纷表示，这才是值得尊敬的人。@西部决策L西部决策的微博视频,,郑州·龙子湖大学城湖心岛,西部决策,老人乘地铁用颤抖的手批改资料,0,0,1,2023-04-22 21:43,微博视频号,,"http://f.video.weibocdn.com/o0/ssiFFMHglx084Rusww6k010412005EKo0E010.mp4?label=mp4_720p&template=720x1280.24.0&ori=0&ps=1BVp4ysnknHVZu&Expires=1725141191&ssig=RdrtyUwWAk&KID=unistore,video",,河南,黄V
4893442108562564,MDcR4zVvS,5058856402,蓬安公安,【#老人乘地铁用颤抖的手批改资料#，网友：这才是值得尊敬的人】4月21日，陕西西安。石先生坐地铁时看到一位老人专心致志的在批改手里的资料。石先生表示大家都在玩手机，只有这个老人拿笔在那里写写画画，当时感觉他非常认真，自己也很感动。网友纷纷表示，这才是值得尊敬的人。@西部决策L西部决策的微博视频,,,西部决策,老人乘地铁用颤抖的手批改资料,0,9,7,2023-04-22 21:42,iPhone,,"http://f.video.weibocdn.com/o0/ssiFFMHglx084Rusww6k010412005EKo0E010.mp4?label=mp4_720p&template=720x1280.24.0&ori=0&ps=1BVp4ysnknHVZu&Expires=1725141191&ssig=RdrtyUwWAk&KID=unistore,video",,,蓝V
4893441618872566,MDcQhBe9U,1685336690,信息日报,【#老人乘地铁用颤抖的手批改资料#，网友：这才是值得尊敬的人】4月21日，陕西西安。石先生在乘坐地铁时，我看到一位老人专注于纠正手中的资料。石先生表示大家都在玩手机，只有这个老人拿笔在那里写写画画，感觉他非常认真，自己也很感动。网友纷纷表示，这才是值得尊敬的人。L西部决策的微博视频,,,,老人乘地铁用颤抖的手批改资料,0,0,0,2023-04-22 21:41,微博视频号,,"http://f.video.weibocdn.com/o0/ssiFFMHglx084Rusww6k010412005EKo0E010.mp4?label=mp4_720p&template=720x1280.24.0&ori=0&ps=1BVp4ysnknHVZu&Expires=1725141191&ssig=RdrtyUwWAk&KID=unistore,video",,,蓝V
4893415289919603,MDc9OFCxB,5661553859,德格警方,【#老人乘地铁用颤抖的手批改资料#，网友：这才是值得尊敬的人】4月21日，陕西西安。石先生坐地铁时看到一位老人专心致志的在批改手里的资料。石先生表示大家都在玩手机，只有这个老人拿笔在那里写写画画，当时感觉他非常认真，自己也很感动。网友纷纷表示，这才是值得尊敬的人。@西部决策L西部决策的微博视频,,,西部决策,老人乘地铁用颤抖的手批改资料,0,0,0,2023-04-22 19:56,微博视频号,,"http://f.video.weibocdn.com/o0/ssiFFMHglx084Rusww6k010412005EKo0E010.mp4?label=mp4_720p&template=720x1280.24.0&ori=0&ps=1BVp4ysnknHVZu&Expires=1725141191&ssig=RdrtyUwWAk&KID=unistore,video",,,蓝V
4893440976624733,MDcPfrNox,5873026843,隆昌警方,#老人乘地铁用颤抖的手批改资料#沉浸在自己喜爱的事中并从中获得快乐，晚安~,,,,老人乘地铁用颤抖的手批改资料,1,11,7,2023-04-22 21:38,微博搜索,,,,,蓝V
4893415094092998,MDc9vhaM6,7731824400,TanYoung199109,#老人乘地铁用颤抖的手批改资料#这种岁数的老人还在工作对于一个自称发达的国家不是耻辱吗,,,,老人乘地铁用颤抖的手批改资料,0,0,1,2023-04-22 19:55,iPhone客户端,,,,河北,普通用户
4893440007214607,MDcNGugQD,2789194754,中国交通广播,【#老人乘地铁用颤抖的手批改资料#，网友：这才是值得尊敬的人】4月21日，陕西西安。石先生坐地铁时看到一位老人专心致志的在批改手里的资料。石先生表示大家都在玩手机，只有这个老人拿笔在那里写写画画，当时感觉他非常认真，自己也很感动。网友纷纷表示，这才是值得尊敬的人。@西部决策L西部决策的微博视频,,,西部决策,老人乘地铁用颤抖的手批改资料,0,0,3,2023-04-22 21:34,微博视频号,,"http://f.video.weibocdn.com/o0/ssiFFMHglx084Rusww6k010412005EKo0E010.mp4?label=mp4_720p&template=720x1280.24.0&ori=0&ps=1BVp4ysnknHVZu&Expires=1725141191&ssig=RdrtyUwWAk&KID=unistore,video",,,蓝V
4893414648715186,MDc8MAzdw,3327240704,宝鸡生活,【#老人乘地铁用颤抖的手批改资料#，网友：这才是值得尊敬的人】4月21日，陕西西安。石先生坐地铁时看到一位老人专心致志的在批改手里的资料。石先生表示大家都在玩手机，只有这个老人拿笔在那里写写画画，当时感觉他非常认真，自己也很感动。网友纷纷表示，这才是值得尊敬的人。@西部决策宝鸡生活的小店L西部决策的微博视频,,,西部决策,老人乘地铁用颤抖的手批改资料,0,0,2,2023-04-22 19:53,清华的小紫荆,,"http://f.video.weibocdn.com/o0/ssiFFMHglx084Rusww6k010412005EKo0E010.mp4?label=mp4_720p&template=720x1280.24.0&ori=0&ps=1BVp4ysnknHVZu&Expires=1725141191&ssig=RdrtyUwWAk&KID=unistore,video",,陕西,黄V
4893439844681091,MDcNqjDLt,1656737654,现代快报,【#老人乘地铁用颤抖的手批改资料#，网友：这才是值得尊敬的人】4月21日，陕西西安。石先生坐地铁时看到一位老人专心致志的在批改手里的资料。石先生表示大家都在玩手机，只有这个老人拿笔在那里写写画画，当时感觉他非常认真，自己也很感动。网友纷纷表示，这才是值得尊敬的人。@西部决策L西部决策的微博视频,,,西部决策,老人乘地铁用颤抖的手批改资料,1,0,4,2023-04-22 21:33,微博视频号,,"http://f.video.weibocdn.com/o0/ssiFFMHglx084Rusww6k010412005EKo0E010.mp4?label=mp4_720p&template=720x1280.24.0&ori=0&ps=1BVp4ysnknHVZu&Expires=1725141191&ssig=RdrtyUwWAk&KID=unistore,video",,,蓝V
4893414611223091,MDc8J58bh,3285482562,烟台广播,【#老人乘地铁用颤抖的手批改资料#，网友：这才是值得尊敬的人】4月21日，陕西西安。石先生坐地铁时看到一位老人专心致志的在批改手里的资料。石先生表示大家都在玩手机，只有这个老人拿笔在那里写写画画，当时感觉他非常认真，自己也很感动。网友纷纷表示，这才是值得尊敬的人。@西部决策L西部决策的微博视频,,,西部决策,老人乘地铁用颤抖的手批改资料,0,0,0,2023-04-22 19:53,微博视频号,,"http://f.video.weibocdn.com/o0/ssiFFMHglx084Rusww6k010412005EKo0E010.mp4?label=mp4_720p&template=720x1280.24.0&ori=0&ps=1BVp4ysnknHVZu&Expires=1725141191&ssig=RdrtyUwWAk&KID=unistore,video",,,蓝V
4893439398775577,MDcMHAOVz,7340786255,哈尔滨政法,#冰城政法微分享#【#老人乘地铁用颤抖的手批改资料#，网友：这才是值得尊敬的人】4月21日，陕西西安。石先生坐地铁时看到一位老人专心致志的在批改手里的资料。石先生表示大家都在玩手机，只有这个老人拿笔在那里写写画画，当时感觉他非常认真，自己也很感动。网友纷纷表示，这才是值得尊敬的人。@西部决策L西部决策的微博视频,,,西部决策,"冰城政法微分享,老人乘地铁用颤抖的手批改资料",0,22,21,2023-04-22 21:32,微博视频号,,"http://f.video.weibocdn.com/o0/ssiFFMHglx084Rusww6k010412005EKo0E010.mp4?label=mp4_720p&template=720x1280.24.0&ori=0&ps=1BVp4ysnknHVZu&Expires=1725141191&ssig=RdrtyUwWAk&KID=unistore,video",,,蓝V
4893382314300279,MDbiDi2Hl,2825791085,成人礼aini,#老人乘地铁用颤抖的手批改资料#对老教授敬重之心油然而生,,,,老人乘地铁用颤抖的手批改资料,0,0,0,2023-04-22 17:45,iPhone客户端,,,,陕西,普通用户
4893414490115963,MDc8x0uan,3955261359,铜仁发布,今天，2023贵州铜仁•梵净山马拉松赛顺利举行，跑友们风雨无阻奔跑在美丽的智慧赛道上，如一道靓丽的风景线。下一届咱们不见不散！#2023铜仁马拉松赛鸣枪开跑#（视频来源:万山融媒体中心）#老人乘地铁用颤抖的手批改资料#L铜仁发布的微博视频,,,,"2023铜仁马拉松赛鸣枪开跑,老人乘地铁用颤抖的手批改资料",0,32,26,2023-04-22 19:53,微博视频号,,"http://f.video.weibocdn.com/u0/jBmI5x8Jgx084S2W88wg01041200GPha0E010.mp4?label=mp4_720p&template=1280x720.25.0&ori=0&ps=1BVp4ysnknHVZu&Expires=1725141191&ssig=7fbfzbU4gP&KID=unistore,video",,,蓝V
4893439340840414,MDcMC3wD4,5209406918,之前名字太长了换个短一点的好记,#老人乘地铁用颤抖的手批改资料#真正的学者。,,,,老人乘地铁用颤抖的手批改资料,0,0,0,2023-04-22 21:31,iPhone客户端,,,,北京,黄V
4893382264750343,MDbiyjVMr,5966717865,石玉食欲诗雨,#老人乘地铁用颤抖的手批改资料#这才是值得尊敬的人,,,,老人乘地铁用颤抖的手批改资料,0,0,1,2023-04-22 17:45,iPhone客户端,,,,陕西,黄V
4893382222292117,MDbiu9ChD,3229962754,陕视新闻,【#老人乘地铁用颤抖的手批改资料#，网友：这才是值得尊敬的人】4月21日，陕西西安。石先生坐地铁时看到一位老人专心致志的在批改手里的资料。石先生表示大家都在玩手机，只有这个老人拿笔在那里写写画画，当时感觉他非常认真，自己也很感动。网友纷纷表示，这才是值得尊敬的人。@西部决策L西部决策的微博视频,,,西部决策,老人乘地铁用颤抖的手批改资料,0,2,6,2023-04-22 17:44,微博视频号,,"http://f.video.weibocdn.com/o0/ssiFFMHglx084Rusww6k010412005EKo0E010.mp4?label=mp4_720p&template=720x1280.24.0&ori=0&ps=1BVp4ysnknHVZu&Expires=1725141193&ssig=Ma%2ByYgLeH3&KID=unistore,video",,,蓝V
4893400081629986,MDbLi6Q26,6459413053,水木锦衣,#老人乘地铁用颤抖的手批改资料#我怎么最近那么看不惯一些人的冷嘲热讽！你看评论区，哎……老先生有可能是个大学老师，坐地铁批改一下资料，多么值得尊敬，有些网友以唱反调为荣！这种优秀的老师就该多宣传！,,,,老人乘地铁用颤抖的手批改资料,0,0,5,2023-04-22 18:55,荣耀Magic3 5G,"https://wx4.sinaimg.cn/large/007392pvly1hd8oeene9ej30so0v8mzz.jpg,https://wx1.sinaimg.cn/large/007392pvly1hd8oeezkgrj30sn0q4q5d.jpg",,,北京,黄V
4893381618043586,MDbhvxKvg,1732028757,SimonRock,【#老人乘地铁用颤抖的手批改资料#，网友：这才是值得尊敬的人】4月21日，陕西西安。石先生在乘坐地铁时，我看到一位老人专注于纠正手中的资料。石先生表示大家都在玩手机，只有这个老人拿笔在那里写写画画，感觉他非常认真，自己也很感动。网友纷纷表示，这才是值得尊敬的人。@西部决策L西部决策的微博视频,,,西部决策,老人乘地铁用颤抖的手批改资料,0,0,0,2023-04-22 17:42,微博网页版,,"http://f.video.weibocdn.com/o0/ssiFFMHglx084Rusww6k010412005EKo0E010.mp4?label=mp4_720p&template=720x1280.24.0&ori=0&ps=1BVp4ysnknHVZu&Expires=1725141193&ssig=Ma%2ByYgLeH3&KID=unistore,video",,江苏,普通用户
4893400069315035,MDbLgD5gv,7829687525,任嘉伦的小妹1号,#老人乘地铁用颤抖的手批改资料#值得尊敬,,,,老人乘地铁用颤抖的手批改资料,0,0,0,2023-04-22 18:55,荣耀30 5G,,,,上海,普通用户
4893379860635101,MDbeG2Fdz,7516679696,九派新闻,【#老人乘地铁用颤抖的手批改资料# ，网友：这才是值得尊敬的人】4月21日，陕西西安。石先生在乘坐地铁时，我看到一位老人专注于纠正手中的资料。石先生表示大家都在玩手机，只有这个老人拿笔在那里写写画画，感觉他非常认真，自己也很感动。网友纷纷表示，这才是值得尊敬的人。@西部决策L西部决策的微博视频,,,西部决策,老人乘地铁用颤抖的手批改资料,0,1,3,2023-04-22 17:35,微博视频号,,"http://f.video.weibocdn.com/o0/ssiFFMHglx084Rusww6k010412005EKo0E010.mp4?label=mp4_720p&template=720x1280.24.0&ori=0&ps=1BVp4ysnknHVZu&Expires=1725141193&ssig=Ma%2ByYgLeH3&KID=unistore,video",,,蓝V
4893399716464243,MDbKHr7DZ,1653981791,段冬Arthur,#老人乘地铁用颤抖的手批改资料#每一位认真负责、敬业爱岗的奋斗者都值得尊敬！,,,,老人乘地铁用颤抖的手批改资料,0,0,0,2023-04-22 18:54,iPhone客户端,,,,北京,黄V
4893379757085962,MDbevtJnI,2108053230,三峡商报,【#老人乘地铁用颤抖的手批改资料# ，网友：这才是值得尊敬的人】4月21日，陕西西安。石先生在乘坐地铁时，我看到一位老人专注于纠正手中的资料。石先生表示大家都在玩手机，只有这个老人拿笔在那里写写画画，感觉他非常认真，自己也很感动。网友纷纷表示，这才是值得尊敬的人。@西部决策L西部决策的微博视频,,,西部决策,老人乘地铁用颤抖的手批改资料,0,0,0,2023-04-22 17:35,iPhone客户端,,"http://f.video.weibocdn.com/o0/ssiFFMHglx084Rusww6k010412005EKo0E010.mp4?label=mp4_720p&template=720x1280.24.0&ori=0&ps=1BVp4ysnknHVZu&Expires=1725141193&ssig=Ma%2ByYgLeH3&KID=unistore,video",,,蓝V
4893399653555396,MDbKBeUV6,6603439984,彧玧,#老人乘地铁用颤抖的手批改资料#好敬业，值得尊敬,,,,老人乘地铁用颤抖的手批改资料,0,3,3,2023-04-22 18:54,微博仅供参考,,,,江西,黄V
4893379735323136,MDbetmkN2,5856609660,一份麦辣鸡打包,#老人乘地铁用颤抖的手批改资料#我63岁下班路上完成领导任务belike,,,,老人乘地铁用颤抖的手批改资料,1,2,30,2023-04-22 17:35,HUAWEI P50,,,,四川,普通用户
4893399641231726,MDbKA5aqy,7791807745,伟大的哈耶克,#老人乘地铁用颤抖的手批改资料#更多是热爱吧，时代不一样，想法自然不一样，不分孰优孰劣,,,,老人乘地铁用颤抖的手批改资料,0,0,0,2023-04-22 18:54,小米11 Pro,,,,上海,普通用户
4893379206580777,MDbdCrBXz,7096055033,有事问彭叔,未来几年，大城市中产的压力，或者说，生活的幸福感，会越来越差的。这是中美，脑力劳动者，和体力劳动者，的薪资对比图。大家可以明显的看到。美国那边体力劳动者的工资，和脑力劳动者的工资，差距比例不大。再看我们国内体力劳动者和脑力劳动者的工资对比，差距就比较明显了。这说明一个趋势。大城市里面中产的收入，以后上涨的空间，不是很大了，中产的工资不涨，但是开支，却是会增加。因为体力劳动者的收入增加了，而增加的这部分，就是从中产口袋里面掏。比如说，现在大城市的中产，喊一个外卖，一般是3元到6元的配送费，以后配送费会上涨，又或者是家里面的电器维修等等的，这种带有技术型的体力活，涨幅更明显。举个例子来说。以前一个月薪1万的中产，可以雇一个家政来给他打扫卫生，提高的他的居住品质，以后家政工资涨了，月薪1万的中产，就请不起了，只能自己动手。没有那些廉价的劳动力，中产的幸福感会少很多。#老人乘地铁用颤抖的手批改资料#,,,,老人乘地铁用颤抖的手批改资料,34,43,142,2023-04-22 17:33,微博网页版,"https://wx3.sinaimg.cn/large/007Kek4xly1hd8gz6b6d8j30j60pjgt7.jpg,https://wx2.sinaimg.cn/large/007Kek4xly1hd8gzowfa5j30j60pjdo4.jpg,https://wx3.sinaimg.cn/large/007Kek4xly1hd8h06p1ilj30j60pktgu.jpg,https://wx3.sinaimg.cn/large/007Kek4xly1hd8h0n4m6sj30j60pjdmi.jpg",,,陕西,金V
4893378892530538,MDbd7aCj8,7539955778,TOP视频,【#老人乘地铁用颤抖的手批改资料# ，网友：这才是值得尊敬的人】4月21日，陕西西安。石先生在乘坐地铁时，我看到一位老人专注于纠正手中的资料。石先生表示大家都在玩手机，只有这个老人拿笔在那里写写画画，感觉他非常认真，自己也很感动。网友纷纷表示，这才是值得尊敬的人。@西部决策L西部决策的微博视频,,,西部决策,老人乘地铁用颤抖的手批改资料,1,0,0,2023-04-22 17:31,微博视频号,,"http://f.video.weibocdn.com/o0/ssiFFMHglx084Rusww6k010412005EKo0E010.mp4?label=mp4_720p&template=720x1280.24.0&ori=0&ps=1BVp4ysnknHVZu&Expires=1725141193&ssig=Ma%2ByYgLeH3&KID=unistore,video",,,蓝V
4893378505875259,MDbcuoEqf,1714800385,第一帮帮团,【#老人乘地铁用颤抖的手批改资料# ，网友：这才是值得尊敬的人】4月21日，陕西西安。石先生在乘坐地铁时，我看到一位老人专注于纠正手中的资料。石先生表示大家都在玩手机，只有这个老人拿笔在那里写写画画，感觉他非常认真，自己也很感动。网友纷纷表示，这才是值得尊敬的人。@西部决策L西部决策的微博视频,,,西部决策,老人乘地铁用颤抖的手批改资料,0,0,0,2023-04-22 17:30,微博视频号,,"http://f.video.weibocdn.com/o0/ssiFFMHglx084Rusww6k010412005EKo0E010.mp4?label=mp4_720p&template=720x1280.24.0&ori=0&ps=1BVp4ysnknHVZu&Expires=1725141193&ssig=Ma%2ByYgLeH3&KID=unistore,video",,,蓝V
4893653993261945,MDimPdGA1,5146941699,洪雅公安,【#老人乘地铁用颤抖的手批改资料#，网友：这才是值得尊敬的人】4月21日，陕西西安。石先生坐地铁时看到一位老人专心致志的在批改手里的资料。石先生表示大家都在玩手机，只有这个老人拿笔在那里写写画画，当时感觉他非常认真，自己也很感动。网友纷纷表示，这才是值得尊敬的人。@西部决策#旅游警察在身边#L洪雅公安的微博视频,,,西部决策,"老人乘地铁用颤抖的手批改资料,旅游警察在身边",0,6,4,2023-04-23 11:44,微博视频号,,"http://f.video.weibocdn.com/o0/1DEeK6uRlx084T6inEEo010412005qrG0E010.mp4?label=mp4_720p&template=720x1280.24.0&ori=0&ps=1BVp4ysnknHVZu&Expires=1725141203&ssig=p5rFJ2DRws&KID=unistore,video",,,蓝V
4893652508217123,MDikqytEf,3241665037,乐生活在唐山,【#老人乘地铁用颤抖的手批改资料#，网友：这才是值得尊敬的人】4月21日，陕西西安。石先生在乘坐地铁时，我看到一位老人专注于纠正手中的资料。石先生表示大家都在玩手机，只有这个老人拿笔在那里写写画画，感觉他非常认真，自己也很感动。网友纷纷表示，这才是值得尊敬的人。@西部决策L西部决策的微博视频,,,西部决策,老人乘地铁用颤抖的手批改资料,0,0,0,2023-04-23 11:39,微博视频号,,"http://f.video.weibocdn.com/o0/ssiFFMHglx084Rusww6k010412005EKo0E010.mp4?label=mp4_720p&template=720x1280.24.0&ori=0&ps=1BVp4ysnknHVZu&Expires=1725141203&ssig=gh%2BTeJSi7y&KID=unistore,video",,河北,黄V
4893645779504479,MDi9zDSy3,3809668428,慈溪检察,【#老人乘地铁用颤抖的手批改资料#，网友：这才是值得尊敬的人】4月21日，陕西西安。乘客石先生坐地铁时看到一位老人专心致志的在批改手里的资料。石先生表示大家都在玩手机，只有这个老人拿笔在那里写写画画，当时感觉他非常认真，自己也很感动。网友纷纷表示，这才是值得尊敬的人。@西部决策L西部决策的微博视频,,,西部决策,老人乘地铁用颤抖的手批改资料,0,0,0,2023-04-23 11:12,iPhone客户端,,"http://f.video.weibocdn.com/o0/ssiFFMHglx084Rusww6k010412005EKo0E010.mp4?label=mp4_720p&template=720x1280.24.0&ori=0&ps=1BVp4ysnknHVZu&Expires=1725141203&ssig=gh%2BTeJSi7y&KID=unistore,video",,,蓝V
4893639262341240,MDhZ49P3W,5328770029,金塔县融媒体中心,【#老人乘地铁用颤抖的手批改资料#，网友：这才是值得尊敬的人】4月21日，陕西西安。乘客石先生坐地铁时看到一位老人专心致志的在批改手里的资料。石先生表示大家都在玩手机，只有这个老人拿笔在那里写写画画，当时感觉他非常认真，自己也很感动。网友纷纷表示，这才是值得尊敬的人。西部决策的微博视频L西部决策的微博视频,,,,老人乘地铁用颤抖的手批改资料,1,0,3,2023-04-23 10:46,微博视频号,,"http://f.video.weibocdn.com/o0/ssiFFMHglx084Rusww6k010412005EKo0E010.mp4?label=mp4_720p&template=720x1280.24.0&ori=0&ps=1BVp4ysnknHVZu&Expires=1725141203&ssig=gh%2BTeJSi7y&KID=unistore,video",,,蓝V
4893638917622838,MDhYvvZ30,6109428342,陕西政协,【#老人乘地铁用颤抖的手批改资料#，网友：这才是值得尊敬的人】4月21日，陕西西安。石先生坐地铁时看到一位老人专心致志的在批改手里的资料。石先生表示大家都在玩手机，只有这个老人拿笔在那里写写画画，当时感觉他非常认真，自己也很感动。网友纷纷表示，这才是值得尊敬的人。L西部决策的微博视频,,,,老人乘地铁用颤抖的手批改资料,0,0,0,2023-04-23 10:45,微博视频号,,"http://f.video.weibocdn.com/o0/ssiFFMHglx084Rusww6k010412005EKo0E010.mp4?label=mp4_720p&template=720x1280.24.0&ori=0&ps=1BVp4ysnknHVZu&Expires=1725141203&ssig=gh%2BTeJSi7y&KID=unistore,video",,,蓝V
4893636431186831,MDhUv4YKr,5299818011,半月谈蓝色经济区,【#老人乘地铁用颤抖的手批改资料#，网友：这才是值得尊敬的人】4月21日，陕西西安。乘客石先生坐地铁时看到一位老人专心致志的在批改手里的资料。石先生表示大家都在玩手机，只有这个老人拿笔在那里写写画画，当时感觉他非常认真，自己也很感动。网友纷纷表示，这才是值得尊敬的人。L西部决策的微博视频,,,,老人乘地铁用颤抖的手批改资料,0,0,0,2023-04-23 10:35,微博视频号,,"http://f.video.weibocdn.com/o0/ssiFFMHglx084Rusww6k010412005EKo0E010.mp4?label=mp4_720p&template=720x1280.24.0&ori=0&ps=1BVp4ysnknHVZu&Expires=1725141203&ssig=gh%2BTeJSi7y&KID=unistore,video",,山东,黄V
4893634618459653,MDhRzzuK1,5137212397,金口河警方,【#老人乘地铁用颤抖的手批改资料#，网友：这才是值得尊敬的人】4月21日，陕西西安。石先生坐地铁时看到一位老人专心致志的在批改手里的资料。石先生表示大家都在玩手机，只有这个老人拿笔在那里写写画画，当时感觉他非常认真，自己也很感动。网友纷纷表示，这才是值得尊敬的人。@西部决策L西部决策的微博视频,,,西部决策,老人乘地铁用颤抖的手批改资料,30,1,30,2023-04-23 10:27,微博视频号,,"http://f.video.weibocdn.com/o0/ssiFFMHglx084Rusww6k010412005EKo0E010.mp4?label=mp4_720p&template=720x1280.24.0&ori=0&ps=1BVp4ysnknHVZu&Expires=1725141203&ssig=gh%2BTeJSi7y&KID=unistore,video",,,蓝V
4893425558622400,MDcqnAb4Y,1990401401,安阳视点,【#老人乘地铁用颤抖的手批改资料#，网友：这才是值得尊敬的人】4月21日，陕西西安。石先生坐地铁时看到一位老人专心致志的在批改手里的资料。石先生表示大家都在玩手机，只有这个老人拿笔在那里写写画画，当时感觉他非常认真，自己也很感动。网友纷纷表示，这才是值得尊敬的人。@西部决策L西部决策的微博视频,,,西部决策,老人乘地铁用颤抖的手批改资料,0,0,1,2023-04-22 20:37,微博视频号,,"http://f.video.weibocdn.com/o0/ssiFFMHglx084Rusww6k010412005EKo0E010.mp4?label=mp4_720p&template=720x1280.24.0&ori=0&ps=1BVp4ysnknHVZu&Expires=1725141209&ssig=%2Ft7jJW9mqK&KID=unistore,video",,河南,黄V
4893425465295438,MDcqemdAi,6771022082,赛尔凯克卷毛猫Panda,赛尔凯克卷毛猫Panda超话纯合子二饼小朋友#老人乘地铁用颤抖的手批改资料##赛尔凯克卷毛猫#L赛尔凯克卷毛猫Panda的微博视频,,,,"老人乘地铁用颤抖的手批改资料,赛尔凯克卷毛猫",0,0,0,2023-04-22 20:36,小卷毛的iPhone客户端,,"http://f.video.weibocdn.com/o0/RgnURkLXlx084S5W7zIc01041200ar580E010.mp4?label=mp4_720p&template=720x960.24.0&ori=0&ps=1BVp4ysnknHVZu&Expires=1725141209&ssig=fgEe2ggiOM&KID=unistore,video",,荷兰,黄V
4893424685419404,MDcoYmJPK,2041483325,延长法院,晚安超话岁月极美在于它必然的流逝春花秋月夏日冬雪。——三毛据媒体~~~关注微博资讯~~~#月收入过万是什么水平#...#老人乘地铁用颤抖的手批改资料#L延长法院的微博视频,,,,"月收入过万是什么水平,老人乘地铁用颤抖的手批改资料",3,341,277,2023-04-22 20:33,微博视频号,,"http://f.video.weibocdn.com/o0/2euXtjaIlx084S5IIflm01041200hwKy0E010.mp4?label=mp4_720p&template=1280x720.25.0&ori=0&ps=1BVp4ysnknHVZu&Expires=1725141209&ssig=kwOufeClpR&KID=unistore,video",,,蓝V
4893424274119535,MDcojhhG7,5142386013,爆笑狗狗毛小汪,搞笑超话求助！被小金毛包围了怎么办#萌宠##老人乘地铁用颤抖的手批改资料#O网页链接L爆笑狗狗毛小汪的微博视频,,,,"萌宠,老人乘地铁用颤抖的手批改资料",0,2,1,2023-04-22 20:32,微博视频号,,"http://f.video.weibocdn.com/o0/4VwjzxZFlx084S5BVVk401041200bxiI0E010.mp4?label=mp4_720p&template=720x1280.24.0&ori=0&ps=1BVp4ysnknHVZu&Expires=1725141209&ssig=3bljawsLKr&KID=unistore,video",,吉林,黄V
4893424191017742,MDcob4gLc,2758940563,雨珂916,#老人乘地铁用颤抖的手批改资料#敬业，是不分年龄的。现在很多年轻人也是地铁上都拿着笔记本工作。👍🏻我佩服敬业的人！,,,,老人乘地铁用颤抖的手批改资料,0,0,0,2023-04-22 20:31,iPhone 13 Pro Max,,,,云南,黄V
4893424173977147,MDco9gGDx,1938066267,西充交警,【#老人乘地铁用颤抖的手批改资料#，网友：这才是值得尊敬的人】4月21日，陕西西安。石先生坐地铁时看到一位老人专心致志的在批改手里的资料。石先生表示大家都在玩手机，只有这个老人拿笔在那里写写画画，当时感觉他非常认真，自己也很感动。网友纷纷表示，这才是值得尊敬的人。@西部决策L西部决策的微博视频,,,西部决策,老人乘地铁用颤抖的手批改资料,0,0,1,2023-04-22 20:31,微博视频号,,"http://f.video.weibocdn.com/o0/ssiFFMHglx084Rusww6k010412005EKo0E010.mp4?label=mp4_720p&template=720x1280.24.0&ori=0&ps=1BVp4ysnknHVZu&Expires=1725141209&ssig=%2Ft7jJW9mqK&KID=unistore,video",,,蓝V
4893439131648147,MDcMh6UL1,1740952902,厦门晚报,【#老人乘地铁用颤抖的手批改资料#，网友：这才是值得尊敬的人】4月21日，陕西西安。石先生坐地铁时看到一位老人专心致志的在批改手里的资料。石先生表示大家都在玩手机，只有这个老人拿笔在那里写写画画，当时感觉他非常认真，自己也很感动。网友纷纷表示，这才是值得尊敬的人。L西部决策的微博视频（via@西部决策）,,,西部决策,老人乘地铁用颤抖的手批改资料,0,0,1,2023-04-22 21:31,微博视频号,,"http://f.video.weibocdn.com/o0/ssiFFMHglx084Rusww6k010412005EKo0E010.mp4?label=mp4_720p&template=720x1280.24.0&ori=0&ps=1BVp4ysnknHVZu&Expires=1725141211&ssig=GskKqe0zbD&KID=unistore,video",,,蓝V
4893438925342152,MDcLWmpJK,2156372723,菏泽中院,#小菏播报#【#老人乘地铁用颤抖的手批改资料#，网友：这才是值得尊敬的人】4月21日，陕西西安。石先生坐地铁时看到一位老人专心致志的在批改手里的资料。石先生表示大家都在玩手机，只有这个老人拿笔在那里写写画画，当时感觉他非常认真，自己也很感动。网友纷纷表示，这才是值得尊敬的人。@西部决策L西部决策的微博视频,,,西部决策,"小菏播报,老人乘地铁用颤抖的手批改资料",4,8,4,2023-04-22 21:30,微博视频号,,"http://f.video.weibocdn.com/o0/ssiFFMHglx084Rusww6k010412005EKo0E010.mp4?label=mp4_720p&template=720x1280.24.0&ori=0&ps=1BVp4ysnknHVZu&Expires=1725141211&ssig=GskKqe0zbD&KID=unistore,video",,,蓝V
4893438552572987,MDcLlaNlN,3992059967,justdoittt,#老人乘地铁用颤抖的手批改资料#媒体上需要暖心新闻，但新闻人切记新闻事件的基础是真实！视频的来源要合法！不要纵容tou拍，也不要靠摆拍！被拍人物的身份和行为不要仅靠目测及猜测，更不要靠策划！现实中很多好人好事值得报道，不要把媒体资源都用在让人质疑tou拍和摆拍的内容上……,,,,老人乘地铁用颤抖的手批改资料,0,0,0,2023-04-22 21:28,HUAWEI P30,,,,北京,普通用户
4893438493592671,MDcLff4Cj,6856069813,祁人祁语,#老人乘地铁用颤抖的手批改资料#看资料的一般是在学习工作，看手机的一般是在游戏、娱乐,,,,老人乘地铁用颤抖的手批改资料,0,0,0,2023-04-22 21:28,,,,,北京,黄V
4893438250325433,MDcKR1mEV,3991933704,中警安徽,【#老人乘地铁用颤抖的手批改资料#，网友：这才是值得尊敬的人】4月21日，陕西西安。石先生坐地铁时看到一位老人专心致志的在批改手里的资料。石先生表示大家都在玩手机，只有这个老人拿笔在那里写写画画，当时感觉他非常认真，自己也很感动。网友纷纷表示，这才是值得尊敬的人。@西部决策L西部决策的微博视频,,,西部决策,老人乘地铁用颤抖的手批改资料,0,1,1,2023-04-22 21:27,微博视频号,,"http://f.video.weibocdn.com/o0/ssiFFMHglx084Rusww6k010412005EKo0E010.mp4?label=mp4_720p&template=720x1280.24.0&ori=0&ps=1BVp4ysnknHVZu&Expires=1725141211&ssig=GskKqe0zbD&KID=unistore,video",,,蓝V
4893437617242735,MDcJPuoaj,7753855613,即墨融媒,【#老人乘地铁用颤抖的手批改资料#，网友：这才是值得尊敬的人】4月21日，陕西西安。石先生坐地铁时看到一位老人专心致志的在批改手里的资料。石先生表示大家都在玩手机，只有这个老人拿笔在那里写写画画，当时感觉他非常认真，自己也很感动。网友纷纷表示，这才是值得尊敬的人。@西部决策L西部决策的微博视频,,,西部决策,老人乘地铁用颤抖的手批改资料,0,0,0,2023-04-22 21:25,iPhone客户端,,"http://f.video.weibocdn.com/o0/ssiFFMHglx084Rusww6k010412005EKo0E010.mp4?label=mp4_720p&template=720x1280.24.0&ori=0&ps=1BVp4ysnknHVZu&Expires=1725141211&ssig=GskKqe0zbD&KID=unistore,video",,,蓝V
4893437436893142,MDcJxsVdI,5880141513,临淄融媒,【#老人乘地铁用颤抖的手批改资料#，网友：这才是值得尊敬的人】4月21日，陕西西安。石先生坐地铁时看到一位老人专心致志的在批改手里的资料。石先生表示大家都在玩手机，只有这个老人拿笔在那里写写画画，当时感觉他非常认真，自己也很感动。网友纷纷表示，这才是值得尊敬的人。L西部决策的微博视频,,,,老人乘地铁用颤抖的手批改资料,2,0,2,2023-04-22 21:24,微博视频号,,"http://f.video.weibocdn.com/o0/ssiFFMHglx084Rusww6k010412005EKo0E010.mp4?label=mp4_720p&template=720x1280.24.0&ori=0&ps=1BVp4ysnknHVZu&Expires=1725141211&ssig=GskKqe0zbD&KID=unistore,video",,,蓝V
4893414426939238,MDc8qt7dc,6539328660,顽皮的小鑫宇,#老人乘地铁用颤抖的手批改资料#延迟退休，这以后就是常态了,,,,老人乘地铁用颤抖的手批改资料,0,0,1,2023-04-22 19:52,Redmi 10X 全芯超越,,,,北京,普通用户
4893405065254357,MDbTkm2TH,1982753487,河南共青团,【#老人乘地铁用颤抖的手批改资料#，网友：这才是值得尊敬的人】4月21日，陕西西安。石先生坐地铁时看到一位老人专心致志的在批改手里的资料。石先生表示大家都在玩手机，只有这个老人拿笔在那里写写画画，当时感觉他非常认真，自己也很感动。网友纷纷表示，这才是值得尊敬的人。#奋勇争先更加出彩#L西部决策的微博视频,,,,"老人乘地铁用颤抖的手批改资料,奋勇争先更加出彩",3,0,7,2023-04-22 19:15,微博视频号,,"http://f.video.weibocdn.com/o0/ssiFFMHglx084Rusww6k010412005EKo0E010.mp4?label=mp4_720p&template=720x1280.24.0&ori=0&ps=1BVp4ysnknHVZu&Expires=1725141211&ssig=GskKqe0zbD&KID=unistore,video",,,
4893436728052180,MDcIoxMJS,5058623654,三门峡市第二中学,【#老人乘地铁用颤抖的手批改资料#，网友：这才是值得尊敬的人】4月21日，陕西西安。石先生坐地铁时看到一位老人专心致志的在批改手里的资料。石先生表示大家都在玩手机，只有这个老人拿笔在那里写写画画，当时感觉他非常认真，自己也很感动。网友纷纷表示，这才是值得尊敬的人。#奋勇争先更加出彩#,,,,"老人乘地铁用颤抖的手批改资料,奋勇争先更加出彩",0,0,7,2023-04-22 21:21,iPhone客户端,,,4893405065254357,河南,蓝V
4893414300322050,MDc8e1lMm,7335712704,櫪靈,#老人乘地铁用颤抖的手批改资料#太敬业，点赞,,,,老人乘地铁用颤抖的手批改资料,0,0,0,2023-04-22 19:52,一加 Ace,,,,广东,普通用户
4893436441790914,MDcHW7vTI,5880141513,临淄融媒,【#老人乘地铁用颤抖的手批改资料#，网友：这才是值得尊敬的人】4月21日，陕西西安。石先生坐地铁时看到一位老人专心致志的在批改手里的资料。石先生表示大家都在玩手机，只有这个老人拿笔在那里写写画画，当时感觉他非常认真，自己也很感动。网友纷纷表示，这才是值得尊敬的人。L西部决策的微博视频,,,,老人乘地铁用颤抖的手批改资料,1,1,1,2023-04-22 21:20,微博视频号,,"http://f.video.weibocdn.com/o0/ssiFFMHglx084Rusww6k010412005EKo0E010.mp4?label=mp4_720p&template=720x1280.24.0&ori=0&ps=1BVp4ysnknHVZu&Expires=1725141211&ssig=GskKqe0zbD&KID=unistore,video",,,蓝V
4893414217222915,MDc85uj0D,3606949911,阿贵时评,#老人乘地铁用颤抖的手批改资料#专注，敬业。向老人致敬！,,,,老人乘地铁用颤抖的手批改资料,6,8,14,2023-04-22 19:52,HUAWEI P30,"https://wx2.sinaimg.cn/large/d6fdb017ly1hd8pwhvip4j20u010ldp8.jpg,https://wx4.sinaimg.cn/large/d6fdb017ly1hd8pwq6h0oj20q80wf0wk.jpg",,,陕西,红V
4893413524903332,MDc6YkzA0,5148153495,保罗车闻Cars01,【#老人乘地铁用颤抖的手批改资料#】4月21日，陕西西安。石先生坐地铁时看到一位老人专心致志的在批改手里的资料。石先生表示大家都在玩手机，只有这个老人拿笔在那里写写画画，当时感觉他非常认真，自己也很感动。cars01车闻超话L西部决策的微博视频,,,,老人乘地铁用颤抖的手批改资料,1,3,35,2023-04-22 19:49,微博视频号,,"http://f.video.weibocdn.com/o0/ssiFFMHglx084Rusww6k010412005EKo0E010.mp4?label=mp4_720p&template=720x1280.24.0&ori=0&ps=1BVp4ysnknHVZu&Expires=1725141183&ssig=daZQqy1RvL&KID=unistore,video",,广东,金V
4893413482172938,MDc6U97ho,3700339772,东港发布,#老人乘地铁用颤抖的手批改资料#4月21日，陕西西安。石先生坐地铁时看到一位老人专心致志的在批改手里的资料。石先生表示大家都在玩手机，只有这个老人拿笔在那里写写画画，当时感觉他非常认真，自己也很感动。网友纷纷表示，这才是值得尊敬的人。@西部决策L西部决策的微博视频,,,西部决策,老人乘地铁用颤抖的手批改资料,3,33,20,2023-04-22 19:49,微博视频号,,"http://f.video.weibocdn.com/o0/ssiFFMHglx084Rusww6k010412005EKo0E010.mp4?label=mp4_720p&template=720x1280.24.0&ori=0&ps=1BVp4ysnknHVZu&Expires=1725141183&ssig=daZQqy1RvL&KID=unistore,video",,,蓝V
4893413461724507,MDc6S7eCD,5209471765,平安江阳,#晚安#周六晚安#老人乘地铁用颤抖的手批改资料#晚安超话,,,,"晚安,老人乘地铁用颤抖的手批改资料",0,217,52,2023-04-22 19:49,晚安超话,https://wx3.sinaimg.cn/large/005GypA9gy1hd8pvvr4g8j30tu0hrtbf.jpg,,,,蓝V
4893413222129753,MDc6u8W2R,7336257049,摄图兽,#老人乘地铁用颤抖的手批改资料# 敬业的样子真的好可爱啊！这样的精神都值得我们去学习！,,,,老人乘地铁用颤抖的手批改资料,0,0,1,2023-04-22 19:48,小米10,,,,江西,黄V
4893399594829381,MDbKvkglf,3903057382,成都理工大学工程技术学院团委,#成理工程今日推荐#【#老人乘地铁用颤抖的手批改资料#，网友：这才是值得尊敬的人】石先生坐地铁看到一位老人专心致志的在批改手里的资料。石先生表示大家都在玩手机，只有这个老人拿笔在那里写写画画，自己很感动。网友纷纷表示，这才是值得尊敬的人。via：@西部决策L西部决策的微博视频,,,西部决策,"成理工程今日推荐,老人乘地铁用颤抖的手批改资料",0,0,0,2023-04-22 18:54,微博视频号,,"http://f.video.weibocdn.com/o0/ssiFFMHglx084Rusww6k010412005EKo0E010.mp4?label=mp4_720p&template=720x1280.24.0&ori=0&ps=1BVp4ysnknHVZu&Expires=1725141214&ssig=2NVirba9sE&KID=unistore,video",,四川,蓝V
4893399372793341,MDbK9bIFT,7192437477,坚果爱吃坚果鸭,#老人乘地铁用颤抖的手批改资料#所有成功都有迹可循致敬,,,,老人乘地铁用颤抖的手批改资料,0,0,0,2023-04-22 18:53,HUAWEI Mate 50,,,,江苏,黄V
4893399343434707,MDbK6epwv,1912715061,930老友记,【#老人乘地铁用颤抖的手批改资料#，网友：这才是值得尊敬的人】4月21日，陕西西安。石先生坐地铁时看到一位老人专心致志的在批改手里的资料。石先生表示大家都在玩手机，只有这个老人拿笔在那里写写画画，当时感觉他非常认真，自己也很感动。网友纷纷表示，这才是值得尊敬的人。#930新闻眼#L西部决策的微博视频,,,,"老人乘地铁用颤抖的手批改资料,930新闻眼",0,0,1,2023-04-22 18:53,微博视频号,,"http://f.video.weibocdn.com/o0/ssiFFMHglx084Rusww6k010412005EKo0E010.mp4?label=mp4_720p&template=720x1280.24.0&ori=0&ps=1BVp4ysnknHVZu&Expires=1725141214&ssig=2NVirba9sE&KID=unistore,video",,,蓝V
4893399087841362,MDbJGwTTA,7613941027,郑州康宁志愿互助中心,【#老人乘地铁用颤抖的手批改资料#，网友：这才是值得尊敬的人】4月21日，陕西西安。石先生坐地铁时看到一位老人专心致志的在批改手里的资料。石先生表示大家都在玩手机，只有这个老人拿笔在那里写写画画，当时感觉他非常认真，自己也很感动。网友纷纷表示，这才是值得尊敬的人。@西部决策L西部决策的微博视频,,,西部决策,老人乘地铁用颤抖的手批改资料,0,0,1,2023-04-22 18:51,Android,,"http://f.video.weibocdn.com/o0/ssiFFMHglx084Rusww6k010412005EKo0E010.mp4?label=mp4_720p&template=720x1280.24.0&ori=0&ps=1BVp4ysnknHVZu&Expires=1725141214&ssig=2NVirba9sE&KID=unistore,video",,河南,蓝V
4893399045380641,MDbJCmzKx,5391596580,偷懒大蒙,#老人乘地铁用颤抖的手批改资料#内心独白：学生质量一届不如一届指导论文要瞎眼了,,,,老人乘地铁用颤抖的手批改资料,0,0,4,2023-04-22 18:51,iPhone客户端,,,,江苏,黄V
4893377365803480,MDbaEolKw,1734530730,大河报,【#老人乘地铁用颤抖的手批改资料# ，网友：这才是值得尊敬的人】4月21日，陕西西安。石先生在乘坐地铁时，看到一位老人专注于纠正手中的资料。石先生表示大家都在玩手机，只有这个老人拿笔在那里写写画画，感觉他非常认真，自己也很感动。网友纷纷表示，这才是值得尊敬的人。L西部决策的微博视频,,,,老人乘地铁用颤抖的手批改资料,1,1,44,2023-04-22 17:25,微博视频号,,"http://f.video.weibocdn.com/o0/ssiFFMHglx084Rusww6k010412005EKo0E010.mp4?label=mp4_720p&template=720x1280.24.0&ori=0&ps=1CwnkDw1GXwCQx&Expires=1725141164&ssig=exrFpyDBHx&KID=unistore,video",,,蓝V
4893377298433886,MDbaxzo2q,2011445377,齐鲁壹点,【#老人乘地铁用颤抖的手批改资料#】4月21日，陕西西安。石先生在乘坐地铁时，我看到一位老人专注于纠正手中的资料。石先生表示大家都在玩手机，只有这个老人拿笔在那里写写画画，感觉他非常认真，自己也很感动。网友纷纷表示：这才是值得尊敬的人。L西部决策的微博视频via.@西部决策,,,西部决策,老人乘地铁用颤抖的手批改资料,0,0,0,2023-04-22 17:25,微博视频号,,"http://f.video.weibocdn.com/o0/ssiFFMHglx084Rusww6k010412005EKo0E010.mp4?label=mp4_720p&template=720x1280.24.0&ori=0&ps=1CwnkDw1GXwCQx&Expires=1725141164&ssig=exrFpyDBHx&KID=unistore,video",,,蓝V
4893377201965765,MDbao8fnT,1688864597,河南之声,【#老人乘地铁用颤抖的手批改资料# ，网友：这才是值得尊敬的人】4月21日，陕西西安。石先生在乘坐地铁时，我看到一位老人专注于纠正手中的资料。石先生表示大家都在玩手机，只有这个老人拿笔在那里写写画画，感觉他非常认真，自己也很感动。网友纷纷表示，这才是值得尊敬的人。@西部决策L西部决策的微博视频,,,西部决策,老人乘地铁用颤抖的手批改资料,0,1,1,2023-04-22 17:25,微博视频号,,"http://f.video.weibocdn.com/o0/ssiFFMHglx084Rusww6k010412005EKo0E010.mp4?label=mp4_720p&template=720x1280.24.0&ori=0&ps=1CwnkDw1GXwCQx&Expires=1725141164&ssig=exrFpyDBHx&KID=unistore,video",,,蓝V
4893377118602603,MDbafA5VF,1829407315,蓝媒视频官方微博,【#老人乘地铁用颤抖的手批改资料# ，网友：这才是值得尊敬的人】4月21日，陕西西安。石先生在乘坐地铁时，我看到一位老人专注于纠正手中的资料。石先生表示大家都在玩手机，只有这个老人拿笔在那里写写画画，感觉他非常认真，自己也很感动。网友纷纷表示，这才是值得尊敬的人。@西部决策L西部决策的微博视频,,,西部决策,老人乘地铁用颤抖的手批改资料,0,0,0,2023-04-22 17:24,微博视频号,,"http://f.video.weibocdn.com/o0/ssiFFMHglx084Rusww6k010412005EKo0E010.mp4?label=mp4_720p&template=720x1280.24.0&ori=0&ps=1CwnkDw1GXwCQx&Expires=1725141164&ssig=exrFpyDBHx&KID=unistore,video",,,蓝V
4893631335371732,MDhMhmxqQ,3904762344,平安南江,【#老人乘地铁用颤抖的手批改资料#，网友：这才是值得尊敬的人】4月21日，陕西西安。石先生坐地铁时看到一位老人专心致志的在批改手里的资料。石先生表示大家都在玩手机，只有这个老人拿笔在那里写写画画，当时感觉他非常认真，自己也很感动。网友纷纷表示，这才是值得尊敬的人。L西部决策的微博视频,,,,老人乘地铁用颤抖的手批改资料,1,10,5,2023-04-23 10:14,微博视频号,,"http://f.video.weibocdn.com/o0/ssiFFMHglx084Rusww6k010412005EKo0E010.mp4?label=mp4_720p&template=720x1280.24.0&ori=0&ps=1BVp4ysnknHVZu&Expires=1725141224&ssig=MCJ8oLJT0I&KID=unistore,video",,,蓝V
4893631281104262,MDhMc4DgG,2867360410,九江共青城发布,【#老人乘地铁用颤抖的手批改资料#，网友：这才是值得尊敬的人】4月21日，陕西西安。石先生在乘坐地铁时，我看到一位老人专注于纠正手中的资料。石先生表示大家都在玩手机，只有这个老人拿笔在那里写写画画，感觉他非常认真，自己也很感动。网友纷纷表示，这才是值得尊敬的人。L西部决策的微博视频,,,,老人乘地铁用颤抖的手批改资料,0,0,0,2023-04-23 10:14,微博视频号,,"http://f.video.weibocdn.com/o0/ssiFFMHglx084Rusww6k010412005EKo0E010.mp4?label=mp4_720p&template=720x1280.24.0&ori=0&ps=1BVp4ysnknHVZu&Expires=1725141224&ssig=MCJ8oLJT0I&KID=unistore,video",,,蓝V
4893630223618965,MDhKufbsp,3275072310,知乎内蒙古,【#老人乘地铁用颤抖的手批改资料#，网友：这才是值得尊敬的人】4月21日，陕西西安。石先生坐地铁时看到一位老人专心致志的在批改手里的资料。石先生表示大家都在玩手机，只有这个老人拿笔在那里写写画画，当时感觉他非常认真，自己也很感动。网友纷纷表示，这才是值得尊敬的人。L西部决策的微博视频,,,,老人乘地铁用颤抖的手批改资料,0,0,0,2023-04-23 10:10,微博视频号,,"http://f.video.weibocdn.com/o0/ssiFFMHglx084Rusww6k010412005EKo0E010.mp4?label=mp4_720p&template=720x1280.24.0&ori=0&ps=1BVp4ysnknHVZu&Expires=1725141224&ssig=MCJ8oLJT0I&KID=unistore,video",,内蒙古,普通用户
4893627652245784,MDhGl9qek,2638479260,平安巴中,【#老人乘地铁用颤抖的手批改资料#，网友：这才是值得尊敬的人】4月21日，陕西西安。石先生坐地铁时看到一位老人专心致志的在批改手里的资料。石先生表示大家都在玩手机，只有这个老人拿笔在那里写写画画，当时感觉他非常认真，自己也很感动。网友纷纷表示，这才是值得尊敬的人。@西部决策L西部决策的微博视频,,,西部决策,老人乘地铁用颤抖的手批改资料,1,2,1,2023-04-23 10:00,微博视频号,,"http://f.video.weibocdn.com/o0/ssiFFMHglx084Rusww6k010412005EKo0E010.mp4?label=mp4_720p&template=720x1280.24.0&ori=0&ps=1BVp4ysnknHVZu&Expires=1725141224&ssig=MCJ8oLJT0I&KID=unistore,video",,,蓝V
4893627475826187,MDhG3orEL,5870420772,陕西教育融媒体中心,【#老人乘地铁用颤抖的手批改资料#，网友：这才是值得尊敬的人】4月21日，陕西西安。石先生坐地铁时看到一位老人专心致志的在批改手里的资料。石先生表示大家都在玩手机，只有这个老人拿笔在那里写写画画，当时感觉他非常认真，自己也很感动。网友纷纷表示，这才是值得尊敬的人。L西部决策的微博视频（via.西部决策）,,,,老人乘地铁用颤抖的手批改资料,0,0,0,2023-04-23 09:59,微博视频号,,"http://f.video.weibocdn.com/o0/ssiFFMHglx084Rusww6k010412005EKo0E010.mp4?label=mp4_720p&template=720x1280.24.0&ori=0&ps=1BVp4ysnknHVZu&Expires=1725141224&ssig=MCJ8oLJT0I&KID=unistore,video",,,蓝V
4893626503533453,MDhEuePdb,7339572154,肃南裕固族自治县融媒体中心,【#老人乘地铁用颤抖的手批改资料#，网友：这才是值得尊敬的人】4月21日，陕西西安。乘客石先生坐地铁时看到一位老人专心致志的在批改手里的资料。石先生表示大家都在玩手机，只有这个老人拿笔在那里写写画画，当时感觉他非常认真，自己也很感动。网友纷纷表示，这才是值得尊敬的人。L西部决策的微博视频,,,,老人乘地铁用颤抖的手批改资料,2,3,3,2023-04-23 09:55,微博视频号,,"http://f.video.weibocdn.com/o0/ssiFFMHglx084Rusww6k010412005EKo0E010.mp4?label=mp4_720p&template=720x1280.24.0&ori=0&ps=1BVp4ysnknHVZu&Expires=1725141224&ssig=MCJ8oLJT0I&KID=unistore,video",,,蓝V
4893626351485628,MDhEf6etK,3941972441,平安巴州,【#老人乘地铁用颤抖的手批改资料#，网友：这才是值得尊敬的人】4月21日，陕西西安。石先生坐地铁时看到一位老人专心致志的在批改手里的资料。石先生表示大家都在玩手机，只有这个老人拿笔在那里写写画画，当时感觉他非常认真，自己也很感动。网友纷纷表示，这才是值得尊敬的人。@西部决策L西部决策的微博视频,,,西部决策,老人乘地铁用颤抖的手批改资料,0,3,4,2023-04-23 09:55,微博视频号,,"http://f.video.weibocdn.com/o0/ssiFFMHglx084Rusww6k010412005EKo0E010.mp4?label=mp4_720p&template=720x1280.24.0&ori=0&ps=1BVp4ysnknHVZu&Expires=1725141224&ssig=MCJ8oLJT0I&KID=unistore,video",,,蓝V
4893625890377601,MDhDv1Ael,3848311310,昆明禄劝发布,【#老人乘地铁用颤抖的手批改资料#，网友：这才是值得尊敬的人】4月21日，陕西西安。石先生坐地铁时看到一位老人专心致志的在批改手里的资料。石先生表示大家都在玩手机，只有这个老人拿笔在那里写写画画，当时感觉他非常认真，自己也很感动。网友纷纷表示，这才是值得尊敬的人。@西部决策L西部决策的微博视频,,,西部决策,老人乘地铁用颤抖的手批改资料,0,0,0,2023-04-23 09:53,Android,,"http://f.video.weibocdn.com/o0/ssiFFMHglx084Rusww6k010412005EKo0E010.mp4?label=mp4_720p&template=720x1280.24.0&ori=0&ps=1BVp4ysnknHVZu&Expires=1725141224&ssig=MCJ8oLJT0I&KID=unistore,video",,,蓝V
4893625466749303,MDhCOsjNJ,3912707918,龙南发布,【#老人乘地铁用颤抖的手批改资料#，网友：这才是值得尊敬的人】4月21日，陕西西安。石先生在乘坐地铁时，我看到一位老人专注于纠正手中的资料。石先生表示大家都在玩手机，只有这个老人拿笔在那里写写画画，感觉他非常认真，自己也很感动。网友纷纷表示，这才是值得尊敬的人。L西部决策的微博视频,,,,老人乘地铁用颤抖的手批改资料,0,1,1,2023-04-23 09:51,微博视频号,,"http://f.video.weibocdn.com/o0/ssiFFMHglx084Rusww6k010412005EKo0E010.mp4?label=mp4_720p&template=720x1280.24.0&ori=0&ps=1BVp4ysnknHVZu&Expires=1725141224&ssig=MCJ8oLJT0I&KID=unistore,video",,,蓝V
4893625328340824,MDhCAyZPq,3273385507,成都城市管理,#成城分享#【#老人乘地铁用颤抖的手批改资料#，网友：这才是值得尊敬的人】4月21日，陕西西安。乘客石先生坐地铁时看到一位老人专心致志的在批改手里的资料。石先生表示大家都在玩手机，只有这个老人拿笔在那里写写画画，当时感觉他非常认真，自己也很感动。网友纷纷表示，这才是值得尊敬的人。（西部决策）L西部决策的微博视频,,,,"成城分享,老人乘地铁用颤抖的手批改资料",0,0,0,2023-04-23 09:51,微博视频号,,"http://f.video.weibocdn.com/o0/ssiFFMHglx084Rusww6k010412005EKo0E010.mp4?label=mp4_720p&template=720x1280.24.0&ori=0&ps=1BVp4ysnknHVZu&Expires=1725141224&ssig=MCJ8oLJT0I&KID=unistore,video",,,蓝V
4893424161135483,MDco84Lof,5482309739,嘉平贰二,#老人乘地铁用颤抖的手批改资料#小张坐火车用冰凉的手批改试卷,,,,老人乘地铁用颤抖的手批改资料,0,0,2,2023-04-22 20:31,iPhone客户端,,,,河南,普通用户
4893423981561659,MDcnQ6yg3,7644536759,阿福动物世界,#老人乘地铁用颤抖的手批改资料#老文化人总是那样兢兢业业工作，而且他们是很认真很乐意的，这才是值得尊敬的人，对老教授敬重之心油然而生,,,,老人乘地铁用颤抖的手批改资料,0,0,0,2023-04-22 20:30,微博网页版,,,,广东,普通用户
4893423067208130,MDcmmufaa,1629898120,庄里微,【#老人乘地铁用颤抖的手批改资料#，网友：这才是值得尊敬的人】4月21日，陕西西安。石先生坐地铁时看到一位老人专心致志的在批改手里的资料。石先生表示大家都在玩手机，只有这个老人拿笔在那里写写画画，当时感觉他非常认真，自己也很感动。网友纷纷表示，这才是值得尊敬的人。L西部决策的微博视频,,,,老人乘地铁用颤抖的手批改资料,1,1,1,2023-04-22 20:27,微博视频号,,"http://f.video.weibocdn.com/o0/ssiFFMHglx084Rusww6k010412005EKo0E010.mp4?label=mp4_720p&template=720x1280.24.0&ori=0&ps=1CwnkDw1GXwCQx&Expires=1725141209&ssig=%2Ft7jJW9mqK&KID=unistore,video",,河南,红V
4893423003768213,MDcmgfOhD,3992059967,justdoittt,#老人乘地铁用颤抖的手批改资料#一个要么属于公共场合tou拍，要么摆拍的视频，竟然有75家媒体发布及转发,,,,老人乘地铁用颤抖的手批改资料,0,0,0,2023-04-22 20:27,HUAWEI P30,,,,北京,普通用户
4893422983582308,MDcmef1Va,7544722691,一荤一素扫文组_,#老人乘地铁用颤抖的手批改资料#大家对原耽世界老人的印象是什么？是冷血无情的大家主，还是慈爱开放的老爷爷呢？在原耽世界里，老爷爷撑起剧情的半边天，攻受需要钱爷爷打江山，攻受要助攻，爷爷看得开。必要时管家爷爷也会冲出来欣慰的笑一笑，“好久没看到过少爷这么开心了”让我们对老人们提供些随手的帮助，哪怕再严苛的大家主在考验过后依旧会为攻受的未来保驾护航。老人，辛苦了#世界读书日##拯救书荒大作战#,,,,"老人乘地铁用颤抖的手批改资料,世界读书日,拯救书荒大作战",1,5,20,2023-04-22 20:26,微博网页版,https://wx4.sinaimg.cn/large/008eAT1Fly1hd8qz7g0j5j305k0560so.jpg,,,黑龙江,红V
4893422860635521,MDcm22Fkl,2643346122,上海奉贤发布,【#老人乘地铁用颤抖的手批改资料#，网友：这才是值得尊敬的人】4月21日，陕西西安。石先生坐地铁时看到一位老人专心致志的在批改手里的资料。石先生表示大家都在玩手机，只有这个老人拿笔在那里写写画画，当时感觉他非常认真，自己也很感动。网友纷纷表示，这才是值得尊敬的人。@西部决策L西部决策的微博视频,,,西部决策,老人乘地铁用颤抖的手批改资料,6,0,0,2023-04-22 20:26,微博视频号,,"http://f.video.weibocdn.com/o0/ssiFFMHglx084Rusww6k010412005EKo0E010.mp4?label=mp4_720p&template=720x1280.24.0&ori=0&ps=1CwnkDw1GXwCQx&Expires=1725141209&ssig=%2Ft7jJW9mqK&KID=unistore,video",,,蓝V
4893434659737745,MDcF3ERep,7267728314,大连艺术学院校团委,大连艺术学院超话【#老人乘地铁用颤抖的手批改资料#，网友：这才是值得尊敬的人】4月21日，陕西西安。石先生坐地铁时看到一位老人专心致志的在批改手里的资料。石先生表示大家都在玩手机，只有这个老人拿笔在那里写写画画，当时感觉他非常认真，自己也很感动。网友纷纷表示，这才是值得尊敬的人。视频来源@青春湖北L西部决策的微博视频,,,青春湖北,老人乘地铁用颤抖的手批改资料,0,0,0,2023-04-22 21:13,微博视频号,,"http://f.video.weibocdn.com/o0/ssiFFMHglx084Rusww6k010412005EKo0E010.mp4?label=mp4_720p&template=720x1280.24.0&ori=0&ps=1BVp4ysnknHVZu&Expires=1725141233&ssig=M7lr5wUTyu&KID=unistore,video",,辽宁,蓝V
4893432483415193,MDcByekrL,5872960861,西北信息报,【#老人乘地铁用颤抖的手批改资料#，网友：这才是值得尊敬的人】4月21日，陕西西安。石先生坐地铁时看到一位老人专心致志的在批改手里的资料。石先生表示大家都在玩手机，只有这个老人拿笔在那里写写画画，当时感觉他非常认真，自己也很感动。网友纷纷表示，这才是值得尊敬的人。L西部决策的微博视频,,,,老人乘地铁用颤抖的手批改资料,0,0,1,2023-04-22 21:04,微博视频号,,"http://f.video.weibocdn.com/o0/ssiFFMHglx084Rusww6k010412005EKo0E010.mp4?label=mp4_720p&template=720x1280.24.0&ori=0&ps=1BVp4ysnknHVZu&Expires=1725141233&ssig=M7lr5wUTyu&KID=unistore,video",,,蓝V
4893432327967212,MDcBixqDq,3820389637,日常碎碎念ing,#老人乘地铁用颤抖的手批改资料#他们的工作是正在有意义的有的工作没必要这样,,,,老人乘地铁用颤抖的手批改资料,0,0,0,2023-04-22 21:04,,,,,湖南,普通用户
4893432235951888,MDcB9oYmc,3992059967,justdoittt,#老人乘地铁用颤抖的手批改资料#有兴趣的，不妨观察一下这个话题主持人，西部决策，看看这家媒体每个月主持多少次热搜话题，又有多少次参与发布的热搜视频疑似涉嫌摆拍。最起码这一年看到过很多很多次了。一次媒体发布的东西，总是看似摆拍，不奇怪吗直接拉黑质疑者，俺耳盗铃吗,,,,老人乘地铁用颤抖的手批改资料,0,0,0,2023-04-22 21:03,HUAWEI P30,,,,北京,普通用户
4893431489369911,MDczWDjxB,6251881295,印象来安,【#老人乘地铁用颤抖的手批改资料#，网友：这才是值得尊敬的人】4月21日，陕西西安。石先生坐地铁时看到一位老人专心致志的在批改手里的资料。石先生表示大家都在玩手机，只有这个老人拿笔在那里写写画画，当时感觉他非常认真，自己也很感动。网友纷纷表示，这才是值得尊敬的人。@西部决策L西部决策的微博视频,,,西部决策,老人乘地铁用颤抖的手批改资料,0,1,1,2023-04-22 21:00,iPhone客户端,,"http://f.video.weibocdn.com/o0/ssiFFMHglx084Rusww6k010412005EKo0E010.mp4?label=mp4_720p&template=720x1280.24.0&ori=0&ps=1BVp4ysnknHVZu&Expires=1725141233&ssig=M7lr5wUTyu&KID=unistore,video",,,蓝V
4893431460008076,MDczU026g,6097332823,西门Louis,#老人乘地铁用颤抖的手批改资料#这个月考试的时候，默默给老白拍了一张，当然，没准人家就是教课的来考一把。,,,,老人乘地铁用颤抖的手批改资料,0,0,1,2023-04-22 21:00,iPhone 13 Pro(金色),https://wx3.sinaimg.cn/large/006EDMNNgy1hd8rv85imsj30u21hedpz.jpg,,,日本,黄V
4893413210588836,MDc6t2tbm,3703679100,今日张店,【#老人乘地铁用颤抖的手批改资料#，网友：这才是值得尊敬的人】4月21日，陕西西安。石先生坐地铁时看到一位老人专心致志的在批改手里的资料。石先生表示大家都在玩手机，只有这个老人拿笔在那里写写画画，当时感觉他非常认真，自己也很感动。网友纷纷表示，这才是值得尊敬的人。@西部决策L西部决策的微博视频,,,西部决策,老人乘地铁用颤抖的手批改资料,0,0,0,2023-04-22 19:48,HarmonyOS设备,,"http://f.video.weibocdn.com/o0/ssiFFMHglx084Rusww6k010412005EKo0E010.mp4?label=mp4_720p&template=720x1280.24.0&ori=0&ps=1BVp4ysnknHVZu&Expires=1725141211&ssig=GskKqe0zbD&KID=unistore,video",,,蓝V
4893413055402745,MDc6dmFv3,2012536357,金华直播间,短视频超话【#老人乘地铁用颤抖的手批改资料#，网友：这才是值得尊敬的人】4月21日，陕西西安。石先生坐地铁时看到一位老人专心致志的在批改手里的资料。石先生表示大家都在玩手机，只有这个老人拿笔在那里写写画画，当时感觉他非常认真，自己也很感动。网友纷纷表示，这才是值得尊敬的人。L西部决策的微博视频,,,,老人乘地铁用颤抖的手批改资料,0,0,0,2023-04-22 19:47,短视频超话,,"http://f.video.weibocdn.com/o0/ssiFFMHglx084Rusww6k010412005EKo0E010.mp4?label=mp4_720p&template=720x1280.24.0&ori=0&ps=1BVp4ysnknHVZu&Expires=1725141211&ssig=GskKqe0zbD&KID=unistore,video",,浙江,黄V
4893412970733404,MDc6534N6,7708178957,旧楚史,#老人乘地铁用颤抖的手批改资料# 认真工作的老人家真的是有心了，值得当代人学习，这是我们不可丢失的精神文化！,,,,老人乘地铁用颤抖的手批改资料,93,101,152,2023-04-22 19:47,微博网页版,,,,江西,黄V
4893412866133713,MDc5UpJER,5272218599,-南极沙丁鱼,#老人乘地铁用颤抖的手批改资料#没有新闻可以不发,,,,老人乘地铁用颤抖的手批改资料,0,0,3,2023-04-22 19:46,HUAWEI P40 Pro 5G,,,,广东,普通用户
4893412790370327,MDc5N1yl1,1236161652,周碧华-品牌策划,#老人乘地铁用颤抖的手批改资料#手机、智能等等，会毁了人类,,,,老人乘地铁用颤抖的手批改资料,0,0,0,2023-04-22 19:46,微博搜索,,,,湖南,黄V
4893412693904864,MDc5DgnPG,2836994014,陕西文艺,【#老人乘地铁用颤抖的手批改资料#，网友：这才是值得尊敬的人】4月21日，陕西西安。石先生坐地铁时看到一位老人专心致志的在批改手里的资料。石先生表示大家都在玩手机，只有这个老人拿笔在那里写写画画，当时感觉他非常认真，自己也很感动。网友纷纷表示，这才是值得尊敬的人。L西部决策的微博视频,,,,老人乘地铁用颤抖的手批改资料,0,0,0,2023-04-22 19:46,iPhone客户端,,"http://f.video.weibocdn.com/o0/ssiFFMHglx084Rusww6k010412005EKo0E010.mp4?label=mp4_720p&template=720x1280.24.0&ori=0&ps=1BVp4ysnknHVZu&Expires=1725141211&ssig=GskKqe0zbD&KID=unistore,video",,,蓝V
4893412593242334,MDc5tdBtI,2164096520,成都交通文艺广播,【#老人乘地铁用颤抖的手批改资料#，网友：这才是值得尊敬的人】4月21日，陕西西安。石先生坐地铁时看到一位老人专心致志的在批改手里的资料。石先生表示大家都在玩手机，只有这个老人拿笔在那里写写画画，当时感觉他非常认真，自己也很感动。网友纷纷表示，这才是值得尊敬的人。@西部决策L西部决策的微博视频,,,西部决策,老人乘地铁用颤抖的手批改资料,0,0,0,2023-04-22 19:45,iPhone客户端,,"http://f.video.weibocdn.com/o0/ssiFFMHglx084Rusww6k010412005EKo0E010.mp4?label=mp4_720p&template=720x1280.24.0&ori=0&ps=1BVp4ysnknHVZu&Expires=1725141211&ssig=GskKqe0zbD&KID=unistore,video",,,蓝V
4893412526657799,MDc5mrVZR,1819638285,扬州交通广播,【#老人乘地铁用颤抖的手批改资料#，网友：这才是值得尊敬的人】4月21日，陕西西安。石先生坐地铁时看到一位老人专心致志的在批改手里的资料。石先生表示大家都在玩手机，只有这个老人拿笔在那里写写画画，当时感觉他非常认真，自己也很感动。网友纷纷表示，这才是值得尊敬的人。,,,,老人乘地铁用颤抖的手批改资料,0,0,0,2023-04-22 19:45,微博网页版,https://wx3.sinaimg.cn/large/6c757a0dgy1hd8ps0a83aj206p0azwes.jpg,,,,蓝V
4893412493363816,MDc5je756,1278592557,大单间,#老人乘地铁用颤抖的手批改资料#同样是现在，现在和现在的场景形成了鲜明的对比，老人是传统的或叫做“原始的”，而你现在看到的是现代的科技的，这就是我们应该表述的同框，这就是时代的节奏，是这个时代的同框#这个时代的同框#把你身边的同框发一下，分享一下哟！,,,,"老人乘地铁用颤抖的手批改资料,这个时代的同框",1,8,18,2023-04-22 19:45,SVIP推荐官,https://wx2.sinaimg.cn/large/4c35c62dly1hd8pqeper5j20qn19pn2s.jpg,,,上海,红V
4893398953367425,MDbJte81j,3977845423,和谐宽城,【#老人乘地铁用颤抖的手批改资料#为敬业点赞！】4月21日，陕西西安。网友坐地铁时看到一位老人专心致志的在批改手里的资料。老人双手微颤，非常认真的用红笔批改资料。网友纷纷表示，这才是值得尊敬的人！L西部决策的微博视频,,,,老人乘地铁用颤抖的手批改资料,1,13,13,2023-04-22 18:51,微博视频号,,"http://f.video.weibocdn.com/o0/ssiFFMHglx084Rusww6k010412005EKo0E010.mp4?label=mp4_720p&template=720x1280.24.0&ori=0&ps=1BVp4ysnknHVZu&Expires=1725141236&ssig=86DF18dZPx&KID=unistore,video",,,蓝V
4893412291513653,MDc4Z6lLL,6706962256,简阳电视台,【#老人乘地铁用颤抖的手批改资料#，网友：这才是值得尊敬的人】#简阳播报#4月21日，陕西西安。石先生坐地铁时看到一位老人专心致志的在批改手里的资料。石先生表示大家都在玩手机，只有这个老人拿笔在那里写写画画，当时感觉他非常认真，自己也很感动。网友纷纷表示，这才是值得尊敬的人。@西部决策L西部决策的微博视频,,,西部决策,"老人乘地铁用颤抖的手批改资料,简阳播报",0,0,0,2023-04-22 19:44,iPhone客户端,,"http://f.video.weibocdn.com/o0/ssiFFMHglx084Rusww6k010412005EKo0E010.mp4?label=mp4_720p&template=720x1280.24.0&ori=0&ps=1BVp4ysnknHVZu&Expires=1725141211&ssig=GskKqe0zbD&KID=unistore,video",,四川,普通用户
4893398836970233,MDbJhtfh7,1936119834,河北长城网,【#老人乘地铁用颤抖的手批改资料#，网友：这才是值得尊敬的人】4月21日，陕西西安。石先生坐地铁时看到一位老人专心致志的在批改手里的资料。石先生表示大家都在玩手机，只有这个老人拿笔在那里写写画画，当时感觉他非常认真，自己也很感动。网友纷纷表示，这才是值得尊敬的人。@西部决策L西部决策的微博视频,,,西部决策,老人乘地铁用颤抖的手批改资料,0,0,1,2023-04-22 18:51,微博视频号,,"http://f.video.weibocdn.com/o0/ssiFFMHglx084Rusww6k010412005EKo0E010.mp4?label=mp4_720p&template=720x1280.24.0&ori=0&ps=1BVp4ysnknHVZu&Expires=1725141236&ssig=86DF18dZPx&KID=unistore,video",,,蓝V
4893398592655645,MDbITb8QZ,7828944342,任嘉伦迷妹202303,#老人乘地铁用颤抖的手批改资料#值得尊敬,,,,老人乘地铁用颤抖的手批改资料,0,0,0,2023-04-22 18:50,荣耀30 5G,,,,上海,普通用户
4893398585313890,MDbISminU,7727769904,湖南教育发布,【#老人乘地铁用颤抖的手批改资料#，网友：这才是值得尊敬的人】4月21日，陕西西安。石先生坐地铁时看到一位老人专心致志的在批改手里的资料。石先生表示大家都在玩手机，只有这个老人拿笔在那里写写画画，当时感觉他非常认真，自己也很感动。网友纷纷表示，这才是值得尊敬的人。#青春怎样奋斗#@西部决策L西部决策的微博视频,,,西部决策,"老人乘地铁用颤抖的手批改资料,青春怎样奋斗",0,3,19,2023-04-22 18:50,微博视频号,,"http://f.video.weibocdn.com/o0/ssiFFMHglx084Rusww6k010412005EKo0E010.mp4?label=mp4_720p&template=720x1280.24.0&ori=0&ps=1BVp4ysnknHVZu&Expires=1725141236&ssig=86DF18dZPx&KID=unistore,video",,,蓝V
4893398547301803,MDbIOuDx1,1649380687,奇荒,【#老人乘地铁用颤抖的手批改资料#，网友：这才是值得尊敬的人】4月21日，陕西西安。石先生坐地铁时看到一位老人专心致志的在批改手里的资料。石先生表示大家都在玩手机，只有这个老人拿笔在那里写写画画，当时感觉他非常认真，自己也很感动。网友纷纷表示，这才是值得尊敬的人。@西部决策展开c,,,西部决策,老人乘地铁用颤抖的手批改资料,0,0,0,2023-04-22 18:49,微博网页版,,,,河南,黄V
4893398525281776,MDbIMma1W,1453874424,月隐寒霜,哪个学院的老教授，双休日也不休息，到地铁里看论文，看到兴头上别坐错过站。什么人的论文，让老教授到地铁里帮着改，看来是亲学生亲弟子，责任心太重。#老人乘地铁用颤抖的手批改资料#,,,,老人乘地铁用颤抖的手批改资料,0,0,1,2023-04-22 18:49,射學Android,,,,上海,红V
4893398371404775,MDbIx5TrF,7777354772,独孤求败的剑,#老人乘地铁用颤抖的手批改资料#人即使生活条件只能像动物那样，人也不应该活得如动物失去人的从容，有情，尊严与温柔。当一个人对阳光竟能无感，如果说他能对花鸟虫鱼，草木山河有观，都是自欺欺人的,,,,老人乘地铁用颤抖的手批改资料,0,0,0,2023-04-22 18:49,Redmi K50 至尊版,,,,河北,普通用户
4893398248719864,MDbIkAAqY,3695637705,白水法院,【#老人乘地铁用颤抖的手批改资料#，网友：这才是值得尊敬的人】4月21日，陕西西安。石先生坐地铁时看到一位老人专心致志的在批改手里的资料。石先生表示大家都在玩手机，只有这个老人拿笔在那里写写画画，当时感觉他非常认真，自己也很感动。网友纷纷表示，这才是值得尊敬的人。@西部决策L西部决策的微博视频,,,西部决策,老人乘地铁用颤抖的手批改资料,3,2,4,2023-04-22 18:48,微博视频号,,"http://f.video.weibocdn.com/o0/ssiFFMHglx084Rusww6k010412005EKo0E010.mp4?label=mp4_720p&template=720x1280.24.0&ori=0&ps=1BVp4ysnknHVZu&Expires=1725141236&ssig=86DF18dZPx&KID=unistore,video",,,蓝V
4893398210970948,MDbIh44As,6265504459,清纯佳人白玫瑰o,#老人乘地铁用颤抖的手批改资料#兢兢业业这才是值得尊敬的人！,,,,老人乘地铁用颤抖的手批改资料,0,0,0,2023-04-22 18:48,微博轻享版,,,,四川,黄V
4893625300028588,MDhCy07r6,1097019341,安徽交通广播,【#老人乘地铁用颤抖的手批改资料#，网友：这才是值得尊敬的人】4月21日，陕西西安。乘客石先生坐地铁时看到一位老人专心致志的在批改手里的资料。石先生表示大家都在玩手机，只有这个老人拿笔在那里写写画画，当时感觉他非常认真，自己也很感动。网友纷纷表示，这才是值得尊敬的人。L西部决策的微博视频,,,,老人乘地铁用颤抖的手批改资料,1,0,0,2023-04-23 09:50,iPhone客户端,,"http://f.video.weibocdn.com/o0/ssiFFMHglx084Rusww6k010412005EKo0E010.mp4?label=mp4_720p&template=720x1280.24.0&ori=0&ps=1BVp4ysnknHVZu&Expires=1725141247&ssig=ke62Qrjj8Z&KID=unistore,video",,,蓝V
4893621645477626,MDhwEmYYO,3951679210,曲靖中院,#老人乘地铁用颤抖的手批改资料#，网友：这才是值得尊敬的人//@平安曲靖:#老人乘地铁用颤抖的手批改资料#,,,平安曲靖,老人乘地铁用颤抖的手批改资料,0,0,14,2023-04-23 09:36,微博网页版,,,4893411829876975,,蓝V
4893620782762620,MDhvgbAGo,3812962991,广东反邪教,【#老人乘地铁用颤抖的手批改资料#，网友：这才是值得尊敬的人】4月21日，陕西西安。石先生坐地铁时看到一位老人专心致志的在批改手里的资料。石先生表示大家都在玩手机，只有这个老人拿笔在那里写写画画，当时感觉他非常认真，自己也很感动。网友纷纷表示，这才是值得尊敬的人。L西部决策的微博视频,,,,老人乘地铁用颤抖的手批改资料,1,0,0,2023-04-23 09:32,微博视频号,,"http://f.video.weibocdn.com/o0/ssiFFMHglx084Rusww6k010412005EKo0E010.mp4?label=mp4_720p&template=720x1280.24.0&ori=0&ps=1BVp4ysnknHVZu&Expires=1725141247&ssig=ke62Qrjj8Z&KID=unistore,video",,,蓝V
4893620723782110,MDhvafRTM,3972809759,青白江区水务局,【#老人乘地铁用颤抖的手批改资料#，网友：这才是值得尊敬的人】4月21日，陕西西安。乘客石先生坐地铁时看到一位老人专心致志的在批改手里的资料。石先生表示大家都在玩手机，只有这个老人拿笔在那里写写画画，当时感觉他非常认真，自己也很感动。网友纷纷表示，这才是值得尊敬的人。L西部决策的微博视频,,,,老人乘地铁用颤抖的手批改资料,0,0,0,2023-04-23 09:32,微博视频号,,"http://f.video.weibocdn.com/o0/ssiFFMHglx084Rusww6k010412005EKo0E010.mp4?label=mp4_720p&template=720x1280.24.0&ori=0&ps=1BVp4ysnknHVZu&Expires=1725141247&ssig=ke62Qrjj8Z&KID=unistore,video",,,蓝V
4893620391643281,MDhuD6Tux,5496875579,巨野融媒,【#老人乘地铁用颤抖的手批改资料#，网友：这才是值得尊敬的人】4月21日，陕西西安。乘客石先生坐地铁时看到一位老人专心致志的在批改手里的资料。石先生表示大家都在玩手机，只有这个老人拿笔在那里写写画画，当时感觉他非常认真，自己也很感动。网友纷纷表示，这才是值得尊敬的人。西部决策的微博视频L西部决策的微博视频,,,,老人乘地铁用颤抖的手批改资料,0,1,8,2023-04-23 09:31,微博视频号,,"http://f.video.weibocdn.com/o0/ssiFFMHglx084Rusww6k010412005EKo0E010.mp4?label=mp4_720p&template=720x1280.24.0&ori=0&ps=1BVp4ysnknHVZu&Expires=1725141247&ssig=ke62Qrjj8Z&KID=unistore,video",,,蓝V
4893618034968586,MDhqPkQyu,5105612195,高坪公安,【#老人乘地铁用颤抖的手批改资料#，网友：这才是值得尊敬的人】4月21日，陕西西安。石先生坐地铁时看到一位老人专心致志的在批改手里的资料。石先生表示大家都在玩手机，只有这个老人拿笔在那里写写画画，当时感觉他非常认真，自己也很感动。网友纷纷表示，这才是值得尊敬的人。@西部决策L西部决策的微博视频,,,西部决策,老人乘地铁用颤抖的手批改资料,0,1,1,2023-04-23 09:22,微博视频号,,"http://f.video.weibocdn.com/o0/ssiFFMHglx084Rusww6k010412005EKo0E010.mp4?label=mp4_720p&template=720x1280.24.0&ori=0&ps=1BVp4ysnknHVZu&Expires=1725141247&ssig=ke62Qrjj8Z&KID=unistore,video",,,蓝V
4893616365634905,MDho8nDTz,1463153464,淄博市场监管,【#老人乘地铁用颤抖的手批改资料#，网友：这才是值得尊敬的人】4月21日，陕西西安。石先生坐地铁时看到一位老人专心致志的在批改手里的资料。石先生表示大家都在玩手机，只有这个老人拿笔在那里写写画画，当时感觉他非常认真，自己也很感动。网友纷纷表示，这才是值得尊敬的人。（西部决策）L西部决策的微博视频,,,,老人乘地铁用颤抖的手批改资料,0,0,0,2023-04-23 09:15,微博视频号,,"http://f.video.weibocdn.com/o0/ssiFFMHglx084Rusww6k010412005EKo0E010.mp4?label=mp4_720p&template=720x1280.24.0&ori=0&ps=1BVp4ysnknHVZu&Expires=1725141247&ssig=ke62Qrjj8Z&KID=unistore,video",,,蓝V
4893417207505151,MDccUvuqP,5909167185,四川反邪教,【#老人乘地铁用颤抖的手批改资料#，网友：这才是值得尊敬的人】4月21日，陕西西安。石先生坐地铁时看到一位老人专心致志的在批改手里的资料。石先生表示大家都在玩手机，只有这个老人拿笔在那里写写画画，当时感觉他非常认真，自己也很感动。网友纷纷表示，这才是值得尊敬的人。@西部决策L西部决策的微博视频,,,西部决策,老人乘地铁用颤抖的手批改资料,1,0,1,2023-04-22 20:04,微博视频号,,"http://f.video.weibocdn.com/o0/ssiFFMHglx084Rusww6k010412005EKo0E010.mp4?label=mp4_720p&template=720x1280.24.0&ori=0&ps=1BVp4ysnknHVZu&Expires=1725141247&ssig=ke62Qrjj8Z&KID=unistore,video",,,
4893615853931865,MDhnjguRb,5996928278,前锋政法,【#老人乘地铁用颤抖的手批改资料#，网友：这才是值得尊敬的人】,,,,老人乘地铁用颤抖的手批改资料,0,0,1,2023-04-23 09:13,微博网页版,,,4893417207505151,,蓝V
4893615681443037,MDhn263oN,2202088231,西安鹅毛扇,【#老人乘地铁用颤抖的手批改资料#，网友：这才是值得尊敬的人】4月21日，陕西西安。石先生坐地铁时看到一位老人专心致志的在批改手里的资料。石先生表示大家都在玩手机，只有这个老人拿笔在那里写写画画，当时感觉他非常认真，自己也很感动。网友纷纷表示，这才是值得尊敬的人。@西部决策L西部决策的微博视频,,,西部决策,老人乘地铁用颤抖的手批改资料,0,0,0,2023-04-23 09:12,微博视频号,,"http://f.video.weibocdn.com/o0/ssiFFMHglx084Rusww6k010412005EKo0E010.mp4?label=mp4_720p&template=720x1280.24.0&ori=0&ps=1BVp4ysnknHVZu&Expires=1725141247&ssig=ke62Qrjj8Z&KID=unistore,video",,陕西,黄V
4893422831535518,MDclZ6rsq,5080741357,玩具虎猫艺匠,狼猫超话独特的魅力你是那么的特别我是那么的喜欢#狼猫##老人乘地铁用颤抖的手批改资料##小猫咪也太可爱了#,,,,"狼猫,老人乘地铁用颤抖的手批改资料,小猫咪也太可爱了",0,0,0,2023-04-22 20:26,iPhone客户端,https://wx1.sinaimg.cn/large/005xQgVfgy1hd8qyiw8jyj30pk0r3tao.jpg,,,荷兰,黄V
4893422799034717,MDclVBUlf,1750353854,陕西交通广播,【#老人乘地铁用颤抖的手批改资料#，网友：这才是值得尊敬的人】4月21日，陕西西安。石先生坐地铁时看到一位老人专心致志的在批改手里的资料。石先生表示大家都在玩手机，只有这个老人拿笔在那里写写画画，当时感觉他非常认真，自己也很感动。网友纷纷表示，这才是值得尊敬的人。@西部决策L西部决策的微博视频,,,西部决策,老人乘地铁用颤抖的手批改资料,0,0,0,2023-04-22 20:26,iPhone客户端,,"http://f.video.weibocdn.com/o0/ssiFFMHglx084Rusww6k010412005EKo0E010.mp4?label=mp4_720p&template=720x1280.24.0&ori=0&ps=1BVp4ysnknHVZu&Expires=1725141251&ssig=YvIrgSk%2BZf&KID=unistore,video",,,蓝V
4893422647515981,MDclGvxfv,1849152565,叶建勛,#透过窗口看中国#【#老人乘地铁用颤抖的手批改资料#，网友：这才是值得尊敬的人】4月21日，陕西西安。石先生坐地铁时看到一位老人专心致志的在批改手里的资料。石先生表示大家都在玩手机，只有这个老人拿笔在那里写写画画，当时感觉他非常认真，自己也很感动。网友纷纷表示，这才是值得尊敬的人。#超话创作馆#@西部决策L西部决策的微博视频,,,西部决策,"透过窗口看中国,老人乘地铁用颤抖的手批改资料,超话创作馆",0,0,1,2023-04-22 20:25,中国超话,,"http://f.video.weibocdn.com/o0/ssiFFMHglx084Rusww6k010412005EKo0E010.mp4?label=mp4_720p&template=720x1280.24.0&ori=0&ps=1BVp4ysnknHVZu&Expires=1725141251&ssig=YvIrgSk%2BZf&KID=unistore,video",,浙江,金V
4893422575945064,MDclzoWA8,3248009852,攀枝花东区微青春,#老人乘地铁用颤抖的手批改资料#，网友：这才是值得尊敬的人L西部决策的微博视频,,,,老人乘地铁用颤抖的手批改资料,0,0,0,2023-04-22 20:25,微博视频号,,"http://f.video.weibocdn.com/o0/ssiFFMHglx084Rusww6k010412005EKo0E010.mp4?label=mp4_720p&template=720x1280.24.0&ori=0&ps=1BVp4ysnknHVZu&Expires=1725141251&ssig=YvIrgSk%2BZf&KID=unistore,video",,,蓝V
4893422525613000,MDclunycg,1879476167,看度新闻,【#老人乘地铁用颤抖的手批改资料#，网友：这才是值得尊敬的人】4月21日，陕西西安。石先生坐地铁时看到一位老人专心致志的在批改手里的资料。石先生表示大家都在玩手机，只有这个老人拿笔在那里写写画画，当时感觉他非常认真，自己也很感动。网友纷纷表示，这才是值得尊敬的人。@西部决策L西部决策的微博视频,,,西部决策,老人乘地铁用颤抖的手批改资料,0,0,0,2023-04-22 20:25,微博视频号,,"http://f.video.weibocdn.com/o0/ssiFFMHglx084Rusww6k010412005EKo0E010.mp4?label=mp4_720p&template=720x1280.24.0&ori=0&ps=1BVp4ysnknHVZu&Expires=1725141251&ssig=YvIrgSk%2BZf&KID=unistore,video",,,蓝V
4893422492588361,MDclraRlL,1667942985,长三角之声,【#老人乘地铁用颤抖的手批改资料#，网友：这才是值得尊敬的人】4月21日，陕西西安。石先生坐地铁时看到一位老人专心致志的在批改手里的资料。石先生表示大家都在玩手机，只有这个老人拿笔在那里写写画画，当时感觉他非常认真，自己也很感动。网友纷纷表示，这才是值得尊敬的人。（@西部决策）L西部决策的微博视频,,,西部决策,老人乘地铁用颤抖的手批改资料,1,0,0,2023-04-22 20:25,iPhone客户端,,"http://f.video.weibocdn.com/o0/ssiFFMHglx084Rusww6k010412005EKo0E010.mp4?label=mp4_720p&template=720x1280.24.0&ori=0&ps=1BVp4ysnknHVZu&Expires=1725141251&ssig=YvIrgSk%2BZf&KID=unistore,video",,,蓝V
4893422315898010,MDcl9oKlc,5586933121,从宇宙黑洞飞出火凤凰,【#老人乘地铁用颤抖的手批改资料#，网友：这才是值得尊敬的人】4月21日，陕西西安。石先生坐地铁时看到一位老人专心致志的在批改手里的资料。石先生表示大家都在玩手机，只有这个老人拿笔在那里写写画画，当时感觉他非常认真，自己也很感动。网友纷纷表示，这才是值得尊敬的人。（西部决策）L西部决策的微博视频,,,,老人乘地铁用颤抖的手批改资料,0,0,0,2023-04-22 20:24,微博视频号,,"http://f.video.weibocdn.com/o0/ssiFFMHglx084Rusww6k010412005EKo0E010.mp4?label=mp4_720p&template=720x1280.24.0&ori=0&ps=1BVp4ysnknHVZu&Expires=1725141251&ssig=YvIrgSk%2BZf&KID=unistore,video",,四川,黄V
4893412283908228,MDc4YgoHW,5193552442,平安合江,【#老人乘地铁用颤抖的手批改资料#，网友：这才是值得尊敬的人】4月21日，陕西西安。石先生坐地铁时看到一位老人专心致志的在批改手里的资料。石先生表示大家都在玩手机，只有这个老人拿笔在那里写写画画，当时感觉他非常认真，自己也很感动。网友纷纷表示，这才是值得尊敬的人。@西部决策L西部决策的微博视频,,,西部决策,老人乘地铁用颤抖的手批改资料,0,4,3,2023-04-22 19:44,iPhone客户端,,"http://f.video.weibocdn.com/o0/ssiFFMHglx084Rusww6k010412005EKo0E010.mp4?label=mp4_720p&template=720x1280.24.0&ori=0&ps=1BVp4ysnknHVZu&Expires=1725141258&ssig=fa42NAg%2BqA&KID=unistore,video",,,蓝V
4893412219689571,MDc4REEHp,1506003517,合肥蜜薯,关注合肥超话合肥50所优秀小学名单#老人乘地铁用颤抖的手批改资料##合肥身边事#,,合肥,,"老人乘地铁用颤抖的手批改资料,合肥身边事",0,2,0,2023-04-22 19:44,关注合肥超话,https://wx4.sinaimg.cn/large/59c3ca3dly1hd8pqhr5mqj20u014018l.jpg,,,安徽,黄V
4893412203433270,MDc4Qep9k,1574423402,掌锦衣事Tagara,#老人乘地铁用颤抖的手批改资料#值得尊敬的老先生,,,,老人乘地铁用颤抖的手批改资料,0,0,0,2023-04-22 19:44,很哇塞的博主,,,,浙江,黄V
4893411821491247,MDc4e6fWn,5917167474,AI变现阿才,#老人乘地铁用颤抖的手批改资料#兢兢业业的老干部,,广州,,老人乘地铁用颤抖的手批改资料,0,0,0,2023-04-22 19:42,iPhone客户端,,,,广东,黄V
4893411767748123,MDc48wvDJ,5665658137,Imafish911,#老人乘地铁用颤抖的手批改资料#经过老人同意了吗就拍摄上传随意评价,,,,老人乘地铁用颤抖的手批改资料,0,1,0,2023-04-22 19:42,微博轻享版,,,,北京,普通用户
4893411768014784,MDc48xD0I,2346571355,青岛城阳发布,【#老人乘地铁用颤抖的手批改资料#，网友：这才是值得尊敬的人】4月21日，陕西西安。石先生坐地铁时看到一位老人专心致志的在批改手里的资料。石先生表示大家都在玩手机，只有这个老人拿笔在那里写写画画，当时感觉他非常认真，自己也很感动。网友纷纷表示，这才是值得尊敬的人。L西部决策的微博视频,,,,老人乘地铁用颤抖的手批改资料,1,0,3,2023-04-22 19:42,微博视频号,,"http://f.video.weibocdn.com/o0/ssiFFMHglx084Rusww6k010412005EKo0E010.mp4?label=mp4_720p&template=720x1280.24.0&ori=0&ps=1BVp4ysnknHVZu&Expires=1725141258&ssig=fa42NAg%2BqA&KID=unistore,video",,,蓝V
4893411729217158,MDc44CFNQ,6514423381,怀远正道,【#老人乘地铁用颤抖的手批改资料#，网友：这才是值得尊敬的人】4月21日，陕西西安。石先生坐地铁时看到一位老人专心致志的在批改手里的资料。石先生表示大家都在玩手机，只有这个老人拿笔在那里写写画画，当时感觉他非常认真，自己也很感动。网友纷纷表示，这才是值得尊敬的人。@西部决策L西部决策的微博视频,,,西部决策,老人乘地铁用颤抖的手批改资料,0,0,0,2023-04-22 19:42,微博视频号,,"http://f.video.weibocdn.com/o0/ssiFFMHglx084Rusww6k010412005EKo0E010.mp4?label=mp4_720p&template=720x1280.24.0&ori=0&ps=1BVp4ysnknHVZu&Expires=1725141258&ssig=fa42NAg%2BqA&KID=unistore,video",,,蓝V
4893411629604543,MDc3UEizZ,7740698711,GS星禾如初,#老人乘地铁用颤抖的手批改资料#感动有没有我也不知道，但是工作日我都要挤地铁上班，别说批改东西了。站的地方都有限。又到松江这边我才知道地铁人依然那么多只是之前没经历以为疫情三年坐地铁的人少点了呢。做做早晚高峰的九号线早上从松江走的方向晚上回松江的方向你就知道了,,,,老人乘地铁用颤抖的手批改资料,0,0,0,2023-04-22 19:41,荣耀50 5G,,,,上海,普通用户
4893398165360072,MDbIcmuoM,7416990882,意思是一体,#老人乘地铁用颤抖的手批改资料#放心。网友百分之百成为不了他。,,,,老人乘地铁用颤抖的手批改资料,0,0,1,2023-04-22 18:48,HUAWEI P40 Pro 5G,,,,安徽,普通用户
4893398006238587,MDbHWqaWn,1377061331,蔡阳的微博,世间本就是各人下雪，各有各的隐晦皎洁。#老人乘地铁用颤抖的手批改资料#,,,,老人乘地铁用颤抖的手批改资料,1,2,2,2023-04-22 18:47,iPhone 12 Pro Max(金色),,,,海南,黄V
4893397816705722,MDbHDs8sO,7056565135,不閉彎劉,#老人乘地铁用颤抖的手批改资料#辛苦,,,,老人乘地铁用颤抖的手批改资料,0,0,0,2023-04-22 18:46,真我V15 国潮当道,,,,广东,普通用户
4893397767424458,MDbHyv9rk,7126605018,各界新闻网官微,【#老人乘地铁用颤抖的手批改资料#，网友：这才是值得尊敬的人】4月21日，陕西西安。石先生坐地铁时看到一位老人专心致志的在批改手里的资料。石先生表示大家都在玩手机，只有这个老人拿笔在那里写写画画，当时感觉他非常认真，自己也很感动。网友纷纷表示，这才是值得尊敬的人。@西部决策L西部决策的微博视频,,,西部决策,老人乘地铁用颤抖的手批改资料,0,0,0,2023-04-22 18:46,微博视频号,,"http://f.video.weibocdn.com/o0/ssiFFMHglx084Rusww6k010412005EKo0E010.mp4?label=mp4_720p&template=720x1280.24.0&ori=0&ps=1BVp4ysnknHVZu&Expires=1725141259&ssig=bG0oVThVWt&KID=unistore,video",,,蓝V
4893397729678363,MDbHuEBMD,3804173419,各界导报社官微,【#老人乘地铁用颤抖的手批改资料#，网友：这才是值得尊敬的人】4月21日，陕西西安。石先生坐地铁时看到一位老人专心致志的在批改手里的资料。石先生表示大家都在玩手机，只有这个老人拿笔在那里写写画画，当时感觉他非常认真，自己也很感动。网友纷纷表示，这才是值得尊敬的人。@西部决策L西部决策的微博视频,,,西部决策,老人乘地铁用颤抖的手批改资料,0,0,0,2023-04-22 18:46,微博视频号,,"http://f.video.weibocdn.com/o0/ssiFFMHglx084Rusww6k010412005EKo0E010.mp4?label=mp4_720p&template=720x1280.24.0&ori=0&ps=1BVp4ysnknHVZu&Expires=1725141259&ssig=bG0oVThVWt&KID=unistore,video",,,蓝V
4893614931706308,MDhlP79T6,1233302995,李连源,【#老人乘地铁用颤抖的手批改资料#，网友：这才是值得尊敬的人】4月21日，陕西西安。石先生坐地铁时看到一位老人专心致志的在批改手里的资料。石先生表示大家都在玩手机，只有这个老人拿笔在那里写写画画，当时感觉他非常认真，自己也很感动。网友纷纷表示，这才是值得尊敬的人。@西部决策L西部决策的微博视频,,,西部决策,老人乘地铁用颤抖的手批改资料,0,0,2,2023-04-23 09:09,微博视频号,,"http://f.video.weibocdn.com/o0/ssiFFMHglx084Rusww6k010412005EKo0E010.mp4?label=mp4_720p&template=720x1280.24.0&ori=0&ps=1BVp4ysnknHVZu&Expires=1725141270&ssig=nGH4MYfFpS&KID=unistore,video",,陕西,黄V
4893614549238260,MDhlcCLic,5105612195,高坪公安,【#老人乘地铁用颤抖的手批改资料#，网友：这才是值得尊敬的人】4月21日，陕西西安。石先生坐地铁时看到一位老人专心致志的在批改手里的资料。石先生表示大家都在玩手机，只有这个老人拿笔在那里写写画画，当时感觉他非常认真，自己也很感动。网友纷纷表示，这才是值得尊敬的人。@西部决策L西部决策的微博视频,,,西部决策,老人乘地铁用颤抖的手批改资料,0,1,1,2023-04-23 09:08,微博视频号,,"http://f.video.weibocdn.com/o0/ssiFFMHglx084Rusww6k010412005EKo0E010.mp4?label=mp4_720p&template=720x1280.24.0&ori=0&ps=1BVp4ysnknHVZu&Expires=1725141270&ssig=nGH4MYfFpS&KID=unistore,video",,,蓝V
4893613752845524,MDhjVbWfy,1735937570,江南都市报,【#老人乘地铁用颤抖的手批改资料#，网友：这才是值得尊敬的人】4月21日，陕西西安。石先生在乘坐地铁时，我看到一位老人专注于纠正手中的资料。石先生表示大家都在玩手机，只有这个老人拿笔在那里写写画画，感觉他非常认真，自己也很感动。网友纷纷表示，这才是值得尊敬的人。L西部决策的微博视频,,,,老人乘地铁用颤抖的手批改资料,0,0,1,2023-04-23 09:05,微博视频号,,"http://f.video.weibocdn.com/o0/ssiFFMHglx084Rusww6k010412005EKo0E010.mp4?label=mp4_720p&template=720x1280.24.0&ori=0&ps=1BVp4ysnknHVZu&Expires=1725141270&ssig=nGH4MYfFpS&KID=unistore,video",,,蓝V
4893612024010995,MDhh8gPrt,5183547871,礼泉检察,【#老人乘地铁用颤抖的手批改资料#，网友：这才是值得尊敬的人】4月21日，陕西西安。石先生坐地铁时看到一位老人专心致志的在批改手里的资料。石先生表示大家都在玩手机，只有这个老人拿笔在那里写写画画，当时感觉他非常认真，自己也很感动。网友纷纷表示，这才是值得尊敬的人。@西部决策L西部决策的微博视频,,,西部决策,老人乘地铁用颤抖的手批改资料,0,0,0,2023-04-23 08:58,微博视频号,,"http://f.video.weibocdn.com/o0/ssiFFMHglx084Rusww6k010412005EKo0E010.mp4?label=mp4_720p&template=720x1280.24.0&ori=0&ps=1BVp4ysnknHVZu&Expires=1725141270&ssig=nGH4MYfFpS&KID=unistore,video",,,蓝V
4893611370742410,MDhg5378m,6897885815,嘉陵政法,【#老人乘地铁用颤抖的手批改资料#，网友：这才是值得尊敬的人】4月21日，陕西西安。乘客石先生坐地铁时看到一位老人专心致志的在批改手里的资料。石先生表示大家都在玩手机，只有这个老人拿笔在那里写写画画，当时感觉他非常认真，自己也很感动。网友纷纷表示，这才是值得尊敬的人。L西部决策的微博视频,,,,老人乘地铁用颤抖的手批改资料,0,0,0,2023-04-23 08:55,微博视频号,,"http://f.video.weibocdn.com/o0/ssiFFMHglx084Rusww6k010412005EKo0E010.mp4?label=mp4_720p&template=720x1280.24.0&ori=0&ps=1BVp4ysnknHVZu&Expires=1725141270&ssig=nGH4MYfFpS&KID=unistore,video",,,蓝V
4893610799272648,MDhf9CUeQ,2846852913,厦门校园那点事儿,#厦门分享#【#老人乘地铁用颤抖的手批改资料#，网友：这才是值得尊敬的人】4月21日，陕西西安。石先生坐地铁时看到一位老人专心致志的在批改手里的资料。石先生表示大家都在玩手机，只有这个老人拿笔在那里写写画画，当时感觉他非常认真，自己也很感动。网友纷纷表示，这才是值得尊敬的人。L西部决策的微博视频,,,,"厦门分享,老人乘地铁用颤抖的手批改资料",0,0,3,2023-04-23 08:53,iPhone客户端,,"http://f.video.weibocdn.com/o0/ssiFFMHglx084Rusww6k010412005EKo0E010.mp4?label=mp4_720p&template=720x1280.24.0&ori=0&ps=1BVp4ysnknHVZu&Expires=1725141270&ssig=nGH4MYfFpS&KID=unistore,video",,福建,普通用户
4893610652991813,MDheVcyj3,2105365573,威海播报,【#老人乘地铁用颤抖的手批改资料#，网友：这才是值得尊敬的人】4月21日，陕西西安。石先生坐地铁时看到一位老人专心致志的在批改手里的资料。石先生表示大家都在玩手机，只有这个老人拿笔在那里写写画画，当时感觉他非常认真，自己也很感动。网友纷纷表示，这才是值得尊敬的人。via西部决策L西部决策的微博视频,,,,老人乘地铁用颤抖的手批改资料,13,10,26,2023-04-23 08:52,微博视频号,,"http://f.video.weibocdn.com/o0/ssiFFMHglx084Rusww6k010412005EKo0E010.mp4?label=mp4_720p&template=720x1280.24.0&ori=0&ps=1BVp4ysnknHVZu&Expires=1725141270&ssig=nGH4MYfFpS&KID=unistore,video",,,蓝V
4893609314747417,MDhcLjV1f,5659349251,东营区政务,【#老人乘地铁用颤抖的手批改资料#】4月21日，陕西西安。石先生在乘坐地铁时，我看到一位老人专注于纠正手中的资料。石先生表示大家都在玩手机，只有这个老人拿笔在那里写写画画，感觉他非常认真，自己也很感动。网友纷纷表示：这才是值得尊敬的人。L西部决策的微博视频,,,,老人乘地铁用颤抖的手批改资料,0,0,0,2023-04-23 08:47,微博视频号,,"http://f.video.weibocdn.com/o0/ssiFFMHglx084Rusww6k010412005EKo0E010.mp4?label=mp4_720p&template=720x1280.24.0&ori=0&ps=1BVp4ysnknHVZu&Expires=1725141270&ssig=nGH4MYfFpS&KID=unistore,video",,,蓝V
4893608958495085,MDhcbzDXv,2610952981,三明中院,【#老人乘地铁用颤抖的手批改资料#，网友：这才是值得尊敬的人】4月21日，陕西西安。石先生坐地铁时看到一位老人专心致志的在批改手里的资料。石先生表示大家都在玩手机，只有这个老人拿笔在那里写写画画，当时感觉他非常认真，自己也很感动。网友纷纷表示，这才是值得尊敬的人。L西部决策的微博视频,,,,老人乘地铁用颤抖的手批改资料,3,5,14,2023-04-23 08:45,微博视频号,,"http://f.video.weibocdn.com/o0/ssiFFMHglx084Rusww6k010412005EKo0E010.mp4?label=mp4_720p&template=720x1280.24.0&ori=0&ps=1BVp4ysnknHVZu&Expires=1725141270&ssig=nGH4MYfFpS&KID=unistore,video",,,蓝V
4893608504984463,MDhbskUGz,2002510835,南充交警三大队,【#老人乘地铁用颤抖的手批改资料#，网友：这才是值得尊敬的人】4月21日，陕西西安。石先生坐地铁时看到一位老人专心致志的在批改手里的资料。石先生表示大家都在玩手机，只有这个老人拿笔在那里写写画画，当时感觉他非常认真，自己也很感动。网友纷纷表示，这才是值得尊敬的人。@西部决策L西部决策的微博视频,,,西部决策,老人乘地铁用颤抖的手批改资料,0,1,1,2023-04-23 08:44,微博视频号,,"http://f.video.weibocdn.com/o0/ssiFFMHglx084Rusww6k010412005EKo0E010.mp4?label=mp4_720p&template=720x1280.24.0&ori=0&ps=1BVp4ysnknHVZu&Expires=1725141270&ssig=nGH4MYfFpS&KID=unistore,video",,,蓝V
4893422130828443,MDckR3tvZ,2783792892,连云港电视台_在你身边,【#老人乘地铁用颤抖的手批改资料#，网友：这才是值得尊敬的人】4月21日，陕西西安。石先生坐地铁时看到一位老人专心致志的在批改手里的资料。石先生表示大家都在玩手机，只有这个老人拿笔在那里写写画画，当时感觉他非常认真，自己也很感动。网友纷纷表示，这才是值得尊敬的人。@西部决策L西部决策的微博视频,,,西部决策,老人乘地铁用颤抖的手批改资料,0,0,0,2023-04-22 20:23,微博视频号,,"http://f.video.weibocdn.com/o0/ssiFFMHglx084Rusww6k010412005EKo0E010.mp4?label=mp4_720p&template=720x1280.24.0&ori=0&ps=1BVp4ysnknHVZu&Expires=1725141272&ssig=sr%2FNJbmBCG&KID=unistore,video",,,蓝V
4893421917969603,MDckvxrfZ,2629397341,饿了么联盟,#老人乘地铁用颤抖的手批改资料#老文化人总是那样兢兢业业工作，而且他们是很认真很乐意的，这才是值得尊敬的人，对老教授敬重之心油然而生,,,,老人乘地铁用颤抖的手批改资料,0,0,0,2023-04-22 20:22,微博网页版,,,,广东,普通用户
4893421816781321,MDcklss89,5044444356,滁州市人民政府发布,【收藏！50个帮你自我提升的网站[奋斗]】#老人乘地铁用颤抖的手批改资料#大好青春，不能虚度！想当技术大神、恶补英语词汇、提升专业水平，却不知如何下手？顶尖大学课程、外语学习、编程开发、实用工具…50个实用网站👇👇抓住青春，给自己充充电！速速转存！（人民日报）,,,,老人乘地铁用颤抖的手批改资料,0,1,0,2023-04-22 20:22,iQOO Neo5 生而为赢,"https://wx1.sinaimg.cn/large/005vnYpKly1hd8qu9hcijj30dw0ss79t.jpg,https://wx1.sinaimg.cn/large/005vnYpKly1hd8qu9t69bj30dw0rbae4.jpg,https://wx3.sinaimg.cn/large/005vnYpKly1hd8qua1v7gj30dw0rbtcz.jpg,https://wx2.sinaimg.cn/large/005vnYpKly1hd8quaamnwj30dw0optci.jpg,https://wx3.sinaimg.cn/large/005vnYpKly1hd8quahbjdj30dw0dwaav.jpg,https://wx3.sinaimg.cn/large/005vnYpKly1hd8quaqb72j30dw0optbx.jpg,https://wx3.sinaimg.cn/large/005vnYpKly1hd8quazpdqj30dw0optcl.jpg,https://wx3.sinaimg.cn/large/005vnYpKly1hd8qub8f9nj30dw0m0ad0.jpg,https://wx2.sinaimg.cn/large/005vnYpKly1hd8qubhwkej30dw0rrn1j.jpg",,,,蓝V
4893421518462679,MDcjRzvwP,3011605563,易学家泰益丰周易会馆李亮德,#老人乘地铁用颤抖的手批改资料#榜样,,,,老人乘地铁用颤抖的手批改资料,0,0,0,2023-04-22 20:21, ྃ 得胜S9Android,,,,山东,黄V
4893421430375726,MDcjJ1zK6,1286616267,荷衣暮酒,#老人乘地铁用颤抖的手批改资料#确实不一样啊！氛围凸显。手机害了一代人,,,,老人乘地铁用颤抖的手批改资料,0,0,0,2023-04-22 20:20,春风的悄悄话,,,,辽宁,红V
4893420789439607,MDciGDBFJ,6016119564,文化人总有高见,#老人乘地铁用颤抖的手批改资料#这么快推迟退休年龄了？,,,,老人乘地铁用颤抖的手批改资料,0,0,0,2023-04-22 20:18,iPhone客户端,,,,江苏,普通用户
4893420692185131,MDcix9as3,2523921924,贡井公安,【#老人乘地铁用颤抖的手批改资料#，网友：这才是值得尊敬的人】4月21日，陕西西安。石先生坐地铁时看到一位老人专心致志的在批改手里的资料。石先生表示大家都在玩手机，只有这个老人拿笔在那里写写画画，当时感觉他非常认真，自己也很感动。网友纷纷表示，这才是值得尊敬的人。@西部决策L西部决策的微博视频,,,西部决策,老人乘地铁用颤抖的手批改资料,0,0,0,2023-04-22 20:17,微博视频号,,"http://f.video.weibocdn.com/o0/ssiFFMHglx084Rusww6k010412005EKo0E010.mp4?label=mp4_720p&template=720x1280.24.0&ori=0&ps=1BVp4ysnknHVZu&Expires=1725141272&ssig=sr%2FNJbmBCG&KID=unistore,video",,,蓝V
4893420227137728,MDchMtWQE,1717833412,华商报,【#老人乘地铁用颤抖的手批改资料#，网友：这才是值得尊敬的人】4月21日，陕西西安。石先生坐地铁时看到一位老人专心致志的在批改手里的资料。石先生表示大家都在玩手机，只有这个老人拿笔在那里写写画画，当时感觉他非常认真，自己也很感动。网友纷纷表示，这才是值得尊敬的人。L西部决策的微博视频,,,,老人乘地铁用颤抖的手批改资料,1,5,83,2023-04-22 20:16,微博视频号,,"http://f.video.weibocdn.com/o0/ssiFFMHglx084Rusww6k010412005EKo0E010.mp4?label=mp4_720p&template=720x1280.24.0&ori=0&ps=1BVp4ysnknHVZu&Expires=1725141272&ssig=sr%2FNJbmBCG&KID=unistore,video",,,蓝V
4893411562228331,MDc3O9lGP,3307752107,长意的青青养乐多,#老人乘地铁用颤抖的手批改资料#很值得尊重,,,,老人乘地铁用颤抖的手批改资料,0,0,0,2023-04-22 19:41,vivo Y50 闪充强续航,,,,陕西,普通用户
4893411167442228,MDc3ave3W,2541563735,大众网·菏泽,【#老人乘地铁用颤抖的手批改资料#，网友：这才是值得尊敬的人】4月21日，陕西西安。石先生坐地铁时看到一位老人专心致志的在批改手里的资料。石先生表示大家都在玩手机，只有这个老人拿笔在那里写写画画，当时感觉他非常认真，自己也很感动。网友纷纷表示，这才是值得尊敬的人。@西部决策L西部决策的微博视频,,,西部决策,老人乘地铁用颤抖的手批改资料,0,2,2,2023-04-22 19:40,微博视频号,,"http://f.video.weibocdn.com/o0/ssiFFMHglx084Rusww6k010412005EKo0E010.mp4?label=mp4_720p&template=720x1280.24.0&ori=0&ps=1BVp4ysnknHVZu&Expires=1725141279&ssig=HQjG9f8oxR&KID=unistore,video",,,蓝V
4893410702393651,MDc2qa2Hh,6065802426,简阳发布,【#老人乘地铁用颤抖的手批改资料#，网友：这才是值得尊敬的人】#简阳播报#4月21日，陕西西安。石先生坐地铁时看到一位老人专心致志的在批改手里的资料。石先生表示大家都在玩手机，只有这个老人拿笔在那里写写画画，当时感觉他非常认真，自己也很感动。网友纷纷表示，这才是值得尊敬的人。@西部决策L西部决策的微博视频,,,西部决策,"老人乘地铁用颤抖的手批改资料,简阳播报",0,0,0,2023-04-22 19:38,iPhone客户端,,"http://f.video.weibocdn.com/o0/ssiFFMHglx084Rusww6k010412005EKo0E010.mp4?label=mp4_720p&template=720x1280.24.0&ori=0&ps=1BVp4ysnknHVZu&Expires=1725141279&ssig=HQjG9f8oxR&KID=unistore,video",,,蓝V
4893410693480600,MDc2peBsI,2175686497,济南日报,【#老人乘地铁用颤抖的手批改资料#，网友：这才是值得尊敬的人】4月21日，陕西西安。石先生坐地铁时看到一位老人专心致志的在批改手里的资料。石先生表示大家都在玩手机，只有这个老人拿笔在那里写写画画，当时感觉他非常认真，自己也很感动。网友纷纷表示，这才是值得尊敬的人。（@西部决策）L西部决策的微博视频,,,西部决策,老人乘地铁用颤抖的手批改资料,0,0,0,2023-04-22 19:38,微博视频号,,"http://f.video.weibocdn.com/o0/ssiFFMHglx084Rusww6k010412005EKo0E010.mp4?label=mp4_720p&template=720x1280.24.0&ori=0&ps=1BVp4ysnknHVZu&Expires=1725141279&ssig=HQjG9f8oxR&KID=unistore,video",,,蓝V
4893410479574425,MDc23EaKd,5861450620,_柠檬味嘎嘣脆,#老人乘地铁用颤抖的手批改资料#这才是值得尊敬的人,,,,老人乘地铁用颤抖的手批改资料,0,0,0,2023-04-22 19:37,iPhone客户端,,,,山西,普通用户
4893410228443089,MDc1EzqqR,7430920868,不回我就睡了,#老人乘地铁用颤抖的手批改资料#心疼，尊敬,,,,老人乘地铁用颤抖的手批改资料,0,0,0,2023-04-22 19:36,荣耀8 美得与众不同,,,,广东,黄V
4893410206685473,MDc1Cs3cd,3167571163,杜利勇,#老人乘地铁用颤抖的手批改资料#利用通勤的时间还在努力工作，虽然可能身体已经有些力不从心，但是他依然在坚持！这难道不值得我们学习吗？这和我们身边的很多朋友倡导的躺平精神形成了鲜明的反差！活到老学到老，只要身体允许就要努力奋斗，这就是老一辈最闪光的亮点！,,,,老人乘地铁用颤抖的手批改资料,0,0,1,2023-04-22 19:36,中北新闻网HarmonyOS设备,,,,山西,黄V
4893410026849498,MDc1ksJRM,2608960961,青春菏泽,一位老人乘地铁用颤抖的手批改资料，网友：敬重之心油然而生#老人乘地铁用颤抖的手批改资料#（鹤壁视角）#鲁团分享#L青春山东的微博视频,,,,"老人乘地铁用颤抖的手批改资料,鲁团分享",0,1,1,2023-04-22 19:35,微博视频号,,"http://f.video.weibocdn.com/o0/jvNBsaZqlx084RXFo3vi010412005rZT0E010.mp4?label=mp4_720p&template=720x1280.24.0&ori=0&ps=1BVp4ysnknHVZu&Expires=1725141279&ssig=qCA%2Bhcg71d&KID=unistore,video",,,蓝V
4893397695859447,MDbHroAjd,7829446279,小爱萨芬,#老人乘地铁用颤抖的手批改资料#值得尊敬,,,,老人乘地铁用颤抖的手批改资料,0,0,0,2023-04-22 18:46,荣耀30 5G,,,,上海,普通用户
4893397657585395,MDbHnvPj5,1060541121,艾欧尼亚小雪,#老人乘地铁用颤抖的手批改资料#好辛苦,,,,老人乘地铁用颤抖的手批改资料,0,0,0,2023-04-22 18:46,圆圆香的小屋超话,,,,湖南,黄V
4893397620360329,MDbHk1vJL,2566267767,北京政法,【#老人乘地铁用颤抖的手批改资料#，网友：这才是值得尊敬的人】敬重您～,,,,老人乘地铁用颤抖的手批改资料,1,0,0,2023-04-22 18:46,HarmonyOS设备,,,,,蓝V
4893397611710701,MDbHj7b1X,3316903742,思茅微博-中国茶城,【#老人乘地铁用颤抖的手批改资料#，网友：这才是值得尊敬的人】4月21日，陕西西安。石先生坐地铁时看到一位老人专心致志的在批改手里的资料。石先生表示大家都在玩手机，只有这个老人拿笔在那里写写画画，当时感觉他非常认真，自己也很感动。网友纷纷表示，这才是值得尊敬的人。@西部决策L西部决策的微博视频,,,西部决策,老人乘地铁用颤抖的手批改资料,0,0,0,2023-04-22 18:46,iPhone客户端,,"http://f.video.weibocdn.com/o0/ssiFFMHglx084Rusww6k010412005EKo0E010.mp4?label=mp4_720p&template=720x1280.24.0&ori=0&ps=1BVp4ysnknHVZu&Expires=1725141281&ssig=mKHtvbfI0h&KID=unistore,video",,,蓝V
4893397422969137,MDbH0cspj,2260351922,风水预测龙雨泰,#老人乘地铁用颤抖的手批改资料#夕阳斜照之时，石先生乘坐地铁，忽见偏席处有一老者，专心致志于批判资料。眾人皆嬉戏于手机篆刻之间，唯独斯者手握笔墨，沉静于纸上。石先生感其身心投入，肃穆严谨，益加敬佩。吾见此耄耋绅士，笔墨浸润，画意生动，赞叹之余，更为其孜孜不倦之精神所折服，汲汲努力之姿所钦佩。以此为戒，吾当弘扬笔耕不辍之精神，传承中华文化之重任。,,,,老人乘地铁用颤抖的手批改资料,0,0,0,2023-04-22 18:45,雨泰说易学超话,,,,广东,黄V
4893607712261799,MDhab9uoD,2280049700,文明许昌,【#老人乘地铁用颤抖的手批改资料#，网友：这才是值得尊敬的人】4月21日，陕西西安。石先生坐地铁时看到一位老人专心致志的在批改手里的资料。石先生表示大家都在玩手机，只有这个老人拿笔在那里写写画画，当时感觉他非常认真，自己也很感动。网友纷纷表示，这才是值得尊敬的人。L西部决策的微博视频,,,,老人乘地铁用颤抖的手批改资料,0,0,0,2023-04-23 08:41,微博视频号,,"http://f.video.weibocdn.com/o0/ssiFFMHglx084Rusww6k010412005EKo0E010.mp4?label=mp4_720p&template=720x1280.24.0&ori=0&ps=1BVp4ysnknHVZu&Expires=1725141292&ssig=WzwGu%2Bnxxu&KID=unistore,video",,,蓝V
4893606299305328,MDh7TD2JW,3672346913,平安曲靖,#老人乘地铁用颤抖的手批改资料#,,,,老人乘地铁用颤抖的手批改资料,3,4,14,2023-04-23 08:35,微博网页版,,,4893411829876975,,蓝V
4893605652857734,MDh6RbZqu,3844730501,昆明东川发布,【#老人乘地铁用颤抖的手批改资料#，网友：这才是值得尊敬的人】4月21日，陕西西安。乘客石先生坐地铁时看到一位老人专心致志的在批改手里的资料。石先生表示大家都在玩手机，只有这个老人拿笔在那里写写画画，当时感觉他非常认真，自己也很感动。网友纷纷表示，这才是值得尊敬的人。L西部决策的微博视频,,,,老人乘地铁用颤抖的手批改资料,0,0,0,2023-04-23 08:32,iPhone客户端,,"http://f.video.weibocdn.com/o0/ssiFFMHglx084Rusww6k010412005EKo0E010.mp4?label=mp4_720p&template=720x1280.24.0&ori=0&ps=1BVp4ysnknHVZu&Expires=1725141292&ssig=WzwGu%2Bnxxu&KID=unistore,video",,,蓝V
4893605569498513,MDh6IDQZP,1443766420,黄石人民广播电台,【#老人乘地铁用颤抖的手批改资料#，网友：这才是值得尊敬的人】4月21日，陕西西安。石先生坐地铁时看到一位老人专心致志的在批改手里的资料。石先生表示大家都在玩手机，只有这个老人拿笔在那里写写画画，当时感觉他非常认真，自己也很感动。网友纷纷表示，这才是值得尊敬的人。L西部决策的微博视频,,,,老人乘地铁用颤抖的手批改资料,0,0,1,2023-04-23 08:32,iPhone客户端,,"http://f.video.weibocdn.com/o0/ssiFFMHglx084Rusww6k010412005EKo0E010.mp4?label=mp4_720p&template=720x1280.24.0&ori=0&ps=1BVp4ysnknHVZu&Expires=1725141292&ssig=WzwGu%2Bnxxu&KID=unistore,video",,,蓝V
4893604789621205,MDh5sEmUJ,6524920911,仪陇政法,【#老人乘地铁用颤抖的手批改资料#，网友：这才是值得尊敬的人】4月21日，陕西西安。乘客石先生坐地铁时看到一位老人专心致志的在批改手里的资料。石先生表示大家都在玩手机，只有这个老人拿笔在那里写写画画，当时感觉他非常认真，自己也很感动。网友纷纷表示，这才是值得尊敬的人。L西部决策的微博视频,,,,老人乘地铁用颤抖的手批改资料,0,0,0,2023-04-23 08:29,微博视频号,,"http://f.video.weibocdn.com/o0/ssiFFMHglx084Rusww6k010412005EKo0E010.mp4?label=mp4_720p&template=720x1280.24.0&ori=0&ps=1BVp4ysnknHVZu&Expires=1725141292&ssig=WzwGu%2Bnxxu&KID=unistore,video",,,蓝V
4893602239219696,MDh1lCGsM,3914207834,郴州北湖法院,【#老人乘地铁用颤抖的手批改资料#，网友：这才是值得尊敬的人】4月21日，陕西西安。石先生坐地铁时看到一位老人专心致志的在批改手里的资料。石先生表示大家都在玩手机，只有这个老人拿笔在那里写写画画，当时感觉他非常认真，自己也很感动。网友纷纷表示，这才是值得尊敬的人。@西部决策L西部决策的微博视频,,,西部决策,老人乘地铁用颤抖的手批改资料,0,0,0,2023-04-23 08:19,iPhone 12,,"http://f.video.weibocdn.com/o0/ssiFFMHglx084Rusww6k010412005EKo0E010.mp4?label=mp4_720p&template=720x1280.24.0&ori=0&ps=1BVp4ysnknHVZu&Expires=1725141292&ssig=WzwGu%2Bnxxu&KID=unistore,video",,,蓝V
4893597515645950,MDgTJnGLI,6854816045,豫见校园儿,#老人乘地铁用颤抖的手批改资料##治愈不开心#太暖心了，老人乘地铁仍不忘批改资料。他让你想起了谁？#校园热点运营官#L豫见校园儿的微博视频,,,,"老人乘地铁用颤抖的手批改资料,治愈不开心,校园热点运营官",1,4,5,2023-04-23 08:00,微博视频号,,"http://f.video.weibocdn.com/o0/GVRTUihelx084SQEQIWQ010412005EKo0E010.mp4?label=mp4_720p&template=720x1280.24.0&ori=0&ps=1BVp4ysnknHVZu&Expires=1725141292&ssig=iykFtxPaj%2F&KID=unistore,video",,河南,黄V
4893595477477397,MDgQrvndb,6504802342,新滨网事,【#老人乘地铁用颤抖的手批改资料#，网友：这才是值得尊敬的人】4月21日，陕西西安。石先生坐地铁时看到一位老人专心致志的在批改手里的资料。石先生表示大家都在玩手机，只有这个老人拿笔在那里写写画画，当时感觉他非常认真，自己也很感动。网友纷纷表示，这才是值得尊敬的人。@西部决策L西部决策的微博视频,,,西部决策,老人乘地铁用颤抖的手批改资料,0,0,0,2023-04-23 07:52,微博视频号,,"http://f.video.weibocdn.com/o0/ssiFFMHglx084Rusww6k010412005EKo0E010.mp4?label=mp4_720p&template=720x1280.24.0&ori=0&ps=1BVp4ysnknHVZu&Expires=1725141292&ssig=WzwGu%2Bnxxu&KID=unistore,video",,江苏,普通用户
4893418825711649,MDcfwnXRn,5628585145,湖州周公,#老人乘地铁用颤抖的手批改资料#这才是当代人值得学习，少“低头”，都看书。,,,,老人乘地铁用颤抖的手批改资料,0,0,2,2023-04-22 20:10,HUAWEI nova 3,,,,浙江,黄V
4893418822310972,MDcfw9HbK,6715525032,成武融媒,【#老人乘地铁用颤抖的手批改资料#，网友：这才是值得尊敬的人】4月21日，陕西西安。石先生坐地铁时看到一位老人专心致志的在批改手里的资料。石先生表示大家都在玩手机，只有这个老人拿笔在那里写写画画，当时感觉他非常认真，自己也很感动。网友纷纷表示，这才是值得尊敬的人。@西部决策L西部决策的微博视频,,,西部决策,老人乘地铁用颤抖的手批改资料,6,6,6,2023-04-22 20:10,微博视频号,,"http://f.video.weibocdn.com/o0/ssiFFMHglx084Rusww6k010412005EKo0E010.mp4?label=mp4_720p&template=720x1280.24.0&ori=0&ps=1BVp4ysnknHVZu&Expires=1725141294&ssig=V1JSMiF9XG&KID=unistore,video",,,蓝V
4893418721645158,MDcfm6TYO,3840902209,昆明五华发布,【#老人乘地铁用颤抖的手批改资料#，网友：这才是值得尊敬的人】4月21日，陕西西安。石先生坐地铁时看到一位老人专心致志的在批改手里的资料。石先生表示大家都在玩手机，只有这个老人拿笔在那里写写画画，当时感觉他非常认真，自己也很感动。网友纷纷表示，这才是值得尊敬的人。@西部决策L西部决策的微博视频,,,西部决策,老人乘地铁用颤抖的手批改资料,0,0,0,2023-04-22 20:10,微博视频号,,"http://f.video.weibocdn.com/o0/ssiFFMHglx084Rusww6k010412005EKo0E010.mp4?label=mp4_720p&template=720x1280.24.0&ori=0&ps=1BVp4ysnknHVZu&Expires=1725141294&ssig=V1JSMiF9XG&KID=unistore,video",,,蓝V
4893418343633767,MDceKffj9,5489421971,南阳政法,【#老人乘地铁用颤抖的手批改资料#，网友：这才是值得尊敬的人】4月21日，陕西西安。石先生坐地铁时看到一位老人专心致志的在批改手里的资料。石先生表示大家都在玩手机，只有这个老人拿笔在那里写写画画，当时感觉他非常认真，自己也很感动。网友纷纷表示，这才是值得尊敬的人。@西部决策L西部决策的微博视频,,,西部决策,老人乘地铁用颤抖的手批改资料,0,0,0,2023-04-22 20:08,微博视频号,,"http://f.video.weibocdn.com/o0/ssiFFMHglx084Rusww6k010412005EKo0E010.mp4?label=mp4_720p&template=720x1280.24.0&ori=0&ps=1BVp4ysnknHVZu&Expires=1725141294&ssig=V1JSMiF9XG&KID=unistore,video",,,蓝V
4893418319251714,MDceHCONc,7612859274,暖译,#老人乘地铁用颤抖的手批改资料# 不得不说认真工作的老人家真的是有心了真的好可爱啊，太棒了，这样的精神值得表扬,,,,老人乘地铁用颤抖的手批改资料,0,0,1,2023-04-22 20:08,小米10,,,,江西,黄V
4893418097218213,MDceluhMN,1975995305,西安晚报,【#老人乘地铁用颤抖的手批改资料#，网友：这才是值得尊敬的人】4月21日，陕西西安。石先生坐地铁时看到一位老人专心致志的在批改手里的资料。石先生表示大家都在玩手机，只有这个老人拿笔在那里写写画画，当时感觉他非常认真，自己也很感动。网友纷纷表示，这才是值得尊敬的人。@西部决策L西部决策的微博视频,,,西部决策,老人乘地铁用颤抖的手批改资料,1,0,1,2023-04-22 20:07,微博视频号,,"http://f.video.weibocdn.com/o0/ssiFFMHglx084Rusww6k010412005EKo0E010.mp4?label=mp4_720p&template=720x1280.24.0&ori=0&ps=1BVp4ysnknHVZu&Expires=1725141294&ssig=V1JSMiF9XG&KID=unistore,video",,,蓝V
4893417961949913,MDce88bgd,5396094153,大众日报,【#老人乘地铁用颤抖的手批改资料#，网友：这才是值得尊敬的人】4月21日，陕西西安。石先生坐地铁时看到一位老人专心致志的在批改手里的资料。石先生表示大家都在玩手机，只有这个老人拿笔在那里写写画画，当时感觉他非常认真，自己也很感动。网友纷纷表示，这才是值得尊敬的人。@西部决策L西部决策的微博视频,,,西部决策,老人乘地铁用颤抖的手批改资料,1,0,4,2023-04-22 20:07,微博视频号,,"http://f.video.weibocdn.com/o0/ssiFFMHglx084Rusww6k010412005EKo0E010.mp4?label=mp4_720p&template=720x1280.24.0&ori=0&ps=1BVp4ysnknHVZu&Expires=1725141294&ssig=V1JSMiF9XG&KID=unistore,video",,,蓝V
4893417723663500,MDcdKfn2I,5627430319,最IN天水,【#老人乘地铁用颤抖的手批改资料#，网友：这才是值得尊敬的人】4月21日，陕西西安。石先生坐地铁时看到一位老人专心致志的在批改手里的资料。石先生表示大家都在玩手机，只有这个老人拿笔在那里写写画画，当时感觉他非常认真，自己也很感动。网友纷纷表示，这才是值得尊敬的人。@西部决策L西部决策的微博视频,,,西部决策,老人乘地铁用颤抖的手批改资料,0,0,4,2023-04-22 20:06,天水播报网Android,,"http://f.video.weibocdn.com/o0/ssiFFMHglx084Rusww6k010412005EKo0E010.mp4?label=mp4_720p&template=720x1280.24.0&ori=0&ps=1BVp4ysnknHVZu&Expires=1725141294&ssig=V1JSMiF9XG&KID=unistore,video",,甘肃,黄V
4893417715007981,MDcdJl0NT,2305624751,鲜城沈阳,【#老人乘地铁用颤抖的手批改资料#，网友：这才是值得尊敬的人】4月21日，陕西西安。石先生坐地铁时看到一位老人专心致志的在批改手里的资料。石先生表示大家都在玩手机，只有这个老人拿笔在那里写写画画，当时感觉他非常认真，自己也很感动。网友纷纷表示，这才是值得尊敬的人。#辽宁高考加油站#@西部决策L西部决策的微博视频,,,西部决策,"老人乘地铁用颤抖的手批改资料,辽宁高考加油站",0,0,0,2023-04-22 20:06,微博视频号,,"http://f.video.weibocdn.com/o0/ssiFFMHglx084Rusww6k010412005EKo0E010.mp4?label=mp4_720p&template=720x1280.24.0&ori=0&ps=1BVp4ysnknHVZu&Expires=1725141294&ssig=V1JSMiF9XG&KID=unistore,video",,辽宁,蓝V
4893409993295156,MDc1hdPdG,3231534372,网易号,【#老人乘地铁用颤抖的手批改资料#，网友：这才是值得尊敬的人】4月21日，陕西西安。石先生坐地铁时看到一位老人专心致志的在批改手里的资料。石先生表示大家都在玩手机，只有这个老人拿笔在那里写写画画，当时感觉他非常认真，自己也很感动。网友纷纷表示，这才是值得尊敬的人。@西部决策L西部决策的微博视频,,,西部决策,老人乘地铁用颤抖的手批改资料,0,0,1,2023-04-22 19:35,iPhone客户端,,"http://f.video.weibocdn.com/o0/ssiFFMHglx084Rusww6k010412005EKo0E010.mp4?label=mp4_720p&template=720x1280.24.0&ori=0&ps=1BVp4ysnknHVZu&Expires=1725141279&ssig=HQjG9f8oxR&KID=unistore,video",,,蓝V
4893409955551258,MDc1dni8q,5762468571,攀枝花平安西区,【#老人乘地铁用颤抖的手批改资料#，网友：这才是值得尊敬的人】4月21日，陕西西安。石先生坐地铁时看到一位老人专心致志的在批改手里的资料。石先生表示大家都在玩手机，只有这个老人拿笔在那里写写画画，当时感觉他非常认真，自己也很感动。网友纷纷表示，这才是值得尊敬的人。@西部决策L西部决策的微博视频,,,西部决策,老人乘地铁用颤抖的手批改资料,15,16,29,2023-04-22 19:35,最赞的小飞侠,,"http://f.video.weibocdn.com/o0/ssiFFMHglx084Rusww6k010412005EKo0E010.mp4?label=mp4_720p&template=720x1280.24.0&ori=0&ps=1BVp4ysnknHVZu&Expires=1725141279&ssig=HQjG9f8oxR&KID=unistore,video",,,蓝V
4893409904954325,MDc18kMQt,7767657885,阿拉鱼的大尾巴,#老人乘地铁用颤抖的手批改资料#真的很值得尊重,,,,老人乘地铁用颤抖的手批改资料,0,0,0,2023-04-22 19:34,vivo Y50 闪充强续航,,,,陕西,普通用户
4893409745308954,MDc0Smh6i,5201000633,平安泸县,【#老人乘地铁用颤抖的手批改资料#，网友：这才是值得尊敬的人】4月21日，陕西西安。石先生坐地铁时看到一位老人专心致志的在批改手里的资料。石先生表示大家都在玩手机，只有这个老人拿笔在那里写写画画，当时感觉他非常认真，自己也很感动。网友纷纷表示，这才是值得尊敬的人。@西部决策L西部决策的微博视频,,,西部决策,老人乘地铁用颤抖的手批改资料,0,2,2,2023-04-22 19:34,微博视频号,,"http://f.video.weibocdn.com/o0/ssiFFMHglx084Rusww6k010412005EKo0E010.mp4?label=mp4_720p&template=720x1280.24.0&ori=0&ps=1BVp4ysnknHVZu&Expires=1725141279&ssig=HQjG9f8oxR&KID=unistore,video",,,蓝V
4893409645692549,MDc0InSTj,7527520962,妹妹说紫色很有韵味V,#老人乘地铁用颤抖的手批改资料#改,,,,老人乘地铁用颤抖的手批改资料,0,0,0,2023-04-22 19:33,nova7你在焦点在,,,,河南,普通用户
4893409570198127,MDc0B0PxB,7829822364,生椰拿铁冰激凌yyds,#老人乘地铁用颤抖的手批改资料#有次坐地铁遇到一个女生坐地铁地面办公【敬业/努力工作的人都很有魅力】,,,,老人乘地铁用颤抖的手批改资料,0,0,0,2023-04-22 19:33,小米10,https://wx1.sinaimg.cn/large/008xT8tugy1hd8pdttwwzj30o5189q8g.jpg,,,广东,普通用户
4893409543722568,MDc0yfCpq,3670122034,抱朴18,#老人乘地铁用颤抖的手批改资料#生命存续的灿烂，贵如春雨，熙攘生活里，独有的一分宁静与清淡，因为执着而清醒，因为崇高而伟大，致敬，老爷子！,,新密,,老人乘地铁用颤抖的手批改资料,0,0,0,2023-04-22 19:33,荣耀Magic3 5G,https://wx3.sinaimg.cn/large/dac19e32ly1hd8p8oya7hj21400u0wm2.jpg,,,河南,黄V
4893409506230808,MDc0uq8UU,2620088113,大众网,【#老人乘地铁用颤抖的手批改资料#，网友：这才是值得尊敬的人】4月21日，陕西西安。石先生坐地铁时看到一位老人专心致志的在批改手里的资料。石先生表示大家都在玩手机，只有这个老人拿笔在那里写写画画，当时感觉他非常认真，自己也很感动。网友纷纷表示，这才是值得尊敬的人。@西部决策L西部决策的微博视频,,,西部决策,老人乘地铁用颤抖的手批改资料,0,0,0,2023-04-22 19:33,微博视频号,,"http://f.video.weibocdn.com/o0/ssiFFMHglx084Rusww6k010412005EKo0E010.mp4?label=mp4_720p&template=720x1280.24.0&ori=0&ps=1BVp4ysnknHVZu&Expires=1725141279&ssig=HQjG9f8oxR&KID=unistore,video",,,蓝V
4893409372542618,MDc0haFrY,1000700924,读城读人,【#老人乘地铁用颤抖的手批改资料#，网友：这才是值得尊敬的人】4月21日，陕西西安。石先生坐地铁时看到一位老人专心致志的在批改手里的资料。石先生表示大家都在玩手机，只有这个老人拿笔在那里写写画画，当时感觉他非常认真，自己也很感动。网友纷纷表示，这才是值得尊敬的人。@西部决策L西部决策的微博视频,,,西部决策,老人乘地铁用颤抖的手批改资料,0,0,0,2023-04-22 19:32,微博视频号,,"http://f.video.weibocdn.com/o0/ssiFFMHglx084Rusww6k010412005EKo0E010.mp4?label=mp4_720p&template=720x1280.24.0&ori=0&ps=1BVp4ysnknHVZu&Expires=1725141279&ssig=HQjG9f8oxR&KID=unistore,video",,山东,普通用户
4893397087420520,MDbGsv8pO,1625232640,鲁中晨报,【#老人乘地铁用颤抖的手批改资料#，网友：这才是值得尊敬的人】4月21日，陕西西安。石先生坐地铁时看到一位老人专心致志的在批改手里的资料。石先生表示大家都在玩手机，只有这个老人拿笔在那里写写画画，当时感觉他非常认真，自己也很感动。网友纷纷表示，这才是值得尊敬的人。@西部决策L西部决策的微博视频,,,西部决策,老人乘地铁用颤抖的手批改资料,0,0,0,2023-04-22 18:44,iPhone客户端,,"http://f.video.weibocdn.com/o0/ssiFFMHglx084Rusww6k010412005EKo0E010.mp4?label=mp4_720p&template=720x1280.24.0&ori=0&ps=1BVp4ysnknHVZu&Expires=1725141302&ssig=Rs8kW6bnjd&KID=unistore,video",,,蓝V
4893397037616562,MDbGnvXpM,7514020843,就是啥也不稀罕,#老人乘地铁用颤抖的手批改资料#想夸可以夸，什么叫“只有这才是值得尊敬的人”？？？？？地铁上为了生活奔波的年轻人也非常值得尊敬！,,,,老人乘地铁用颤抖的手批改资料,1,11,226,2023-04-22 18:43,,,,,河南,普通用户
4893396928565164,MDbGczWbO,7804507204,我是大漂亮201703,#老人乘地铁用颤抖的手批改资料##中国电信爱艺奇定向流量包虚假宣传#,,,,"老人乘地铁用颤抖的手批改资料,中国电信爱艺奇定向流量包虚假宣传",0,0,1,2023-04-22 18:43,iPhone客户端,,,,河北,普通用户
4893396882428069,MDbG8abEp,7174743432,下次雨季-,#老人乘地铁用颤抖的手批改资料#刚刚看到有个人说65岁才退休大家都有机会在地铁上用颤抖的手批改资料哈哈哈哈哈哈哈哈,,,,老人乘地铁用颤抖的手批改资料,0,0,3,2023-04-22 18:43,不想起床Android,,,,广东,黄V
4893396709672905,MDbFQEAmB,6350644787,倪哥1599,#老人乘地铁用颤抖的手批改资料#值得尊敬,,,,老人乘地铁用颤抖的手批改资料,0,0,0,2023-04-22 18:42,荣耀30 5G,,,,上海,普通用户
4893396688177606,MDbFOyjmS,7220336172,不要逃避你的命運_,#老人乘地铁用颤抖的手批改资料#唉唉郭子头发还没白手先抖了,,,,老人乘地铁用颤抖的手批改资料,0,0,2,2023-04-22 18:42,🥰Android,,,,天津,黄V
4893396680840458,MDbFO3wDM,1414028434,海门之窗,【#老人乘地铁用颤抖的手批改资料#，网友：这才是值得尊敬的人】4月21日，陕西西安。石先生坐地铁时看到一位老人专心致志的在批改手里的资料。石先生表示大家都在玩手机，只有这个老人拿笔在那里写写画画，当时感觉他非常认真，自己也很感动。网友纷纷表示，这才是值得尊敬的人。@西部决策L西部决策的微博视频,,,西部决策,老人乘地铁用颤抖的手批改资料,3,4,10,2023-04-22 18:42,微博视频号,,"http://f.video.weibocdn.com/o0/ssiFFMHglx084Rusww6k010412005EKo0E010.mp4?label=mp4_720p&template=720x1280.24.0&ori=0&ps=1BVp4ysnknHVZu&Expires=1725141302&ssig=Rs8kW6bnjd&KID=unistore,video",,,蓝V
4893396608487370,MDbFGzBX4,1911430687,平安广元,【#老人乘地铁用颤抖的手批改资料#，网友：这才是值得尊敬的人】4月21日，陕西西安。石先生坐地铁时看到一位老人专心致志的在批改手里的资料。石先生表示大家都在玩手机，只有这个老人拿笔在那里写写画画，当时感觉他非常认真，自己也很感动。网友纷纷表示，这才是值得尊敬的人。@西部决策L西部决策的微博视频,,,西部决策,老人乘地铁用颤抖的手批改资料,0,0,0,2023-04-22 18:42,iPhone客户端,,"http://f.video.weibocdn.com/o0/ssiFFMHglx084Rusww6k010412005EKo0E010.mp4?label=mp4_720p&template=720x1280.24.0&ori=0&ps=1BVp4ysnknHVZu&Expires=1725141302&ssig=Rs8kW6bnjd&KID=unistore,video",,,蓝V
4893587495455691,MDgDzmTh1,5737088428,滨州民声,【#老人乘地铁用颤抖的手批改资料#，网友：这才是值得尊敬的人】4月21日，陕西西安。石先生坐地铁时看到一位老人专心致志的在批改手里的资料。石先生表示大家都在玩手机，只有这个老人拿笔在那里写写画画，当时感觉他非常认真，自己也很感动。网友纷纷表示，这才是值得尊敬的人。@西部决策L西部决策的微博视频,,,西部决策,老人乘地铁用颤抖的手批改资料,0,0,0,2023-04-23 07:20,微博视频号,,"http://f.video.weibocdn.com/o0/ssiFFMHglx084Rusww6k010412005EKo0E010.mp4?label=mp4_720p&template=720x1280.24.0&ori=0&ps=1BVp4ysnknHVZu&Expires=1725141314&ssig=COXWiqP%2FVo&KID=unistore,video",,山东,普通用户
4893579812537061,MDgrbaE0l,6304549620,山西沁县反邪教,【#老人乘地铁用颤抖的手批改资料#，网友：这才是值得尊敬的人】4月21日，陕西西安。石先生坐地铁时看到一位老人在批改手里的资料。石先生表示大家都在玩手机，只有这个老人拿笔在那里写写画画，当时感觉他非常认真，自己也很感动。网友纷纷表示，这才是值得尊敬的人。@西部决策L西部决策的微博视频,,,西部决策,老人乘地铁用颤抖的手批改资料,1,0,5,2023-04-23 06:50,微博视频号,,"http://f.video.weibocdn.com/o0/ssiFFMHglx084Rusww6k010412005EKo0E010.mp4?label=mp4_720p&template=720x1280.24.0&ori=0&ps=1BVp4ysnknHVZu&Expires=1725141314&ssig=COXWiqP%2FVo&KID=unistore,video",,,蓝V
4893569090847228,MDg9T3yoY,3939572292,西游山东,#西游哥#【#老人乘地铁用颤抖的手批改资料#，网友：这才是值得尊敬的人】4月21日，陕西西安。石先生坐地铁时看到一位老人专心致志的在批改手里的资料。石先生表示大家都在玩手机，只有这个老人拿笔在那里写写画画，当时感觉他非常认真，自己也很感动。网友纷纷表示，这才是值得尊敬的人。@西部决策L西部决策的微博视频,,,西部决策,"西游哥,老人乘地铁用颤抖的手批改资料",0,0,0,2023-04-23 06:07,iPhone客户端,,"http://f.video.weibocdn.com/o0/ssiFFMHglx084Rusww6k010412005EKo0E010.mp4?label=mp4_720p&template=720x1280.24.0&ori=0&ps=1BVp4ysnknHVZu&Expires=1725141314&ssig=COXWiqP%2FVo&KID=unistore,video",,山东,普通用户
4893484781142856,MDdXU4Nja,5216318926,青春达州,【#老人乘地铁用颤抖的手批改资料#，网友：这才是值得尊敬的人】4月21日，陕西西安。石先生坐地铁时看到一位老人专心致志的在批改手里的资料。石先生表示大家都在玩手机，只有这个老人拿笔在那里写写画画，当时感觉他非常认真，自己也很感动。网友纷纷表示，这才是值得尊敬的人。@西部决策L西部决策的微博视频,,,西部决策,老人乘地铁用颤抖的手批改资料,0,0,0,2023-04-23 00:32,微博视频号,,"http://f.video.weibocdn.com/o0/ssiFFMHglx084Rusww6k010412005EKo0E010.mp4?label=mp4_720p&template=720x1280.24.0&ori=0&ps=1BVp4ysnknHVZu&Expires=1725141314&ssig=COXWiqP%2FVo&KID=unistore,video",,,蓝V
4893477945479550,MDdMSmZtQ,1847123567,香港商報,【#老人乘地铁用颤抖的手批改资料#，网友：这才是值得尊敬的人】4月21日，陕西西安。石先生坐地铁时看到一位老人专心致志的在批改手里的资料。石先生表示大家都在玩手机，只有这个老人拿笔在那里写写画画，当时感觉他非常认真，自己也很感动。网友纷纷表示，这才是值得尊敬的人。@西部决策L西部决策的微博视频,,,西部决策,老人乘地铁用颤抖的手批改资料,0,0,17,2023-04-23 00:05,微博视频号,,"http://f.video.weibocdn.com/o0/ssiFFMHglx084Rusww6k010412005EKo0E010.mp4?label=mp4_720p&template=720x1280.24.0&ori=0&ps=1BVp4ysnknHVZu&Expires=1725141314&ssig=COXWiqP%2FVo&KID=unistore,video",,,蓝V
4893416888213413,MDccoysGp,3300115167,重庆城市科技学院,#老人乘地铁用颤抖的手批改资料##重庆城市科技学院#在平凡的生活中耕耘自己，安顿自己（via:@西部决策）L西部决策的微博视频,,,西部决策,"老人乘地铁用颤抖的手批改资料,重庆城市科技学院",10,12,26,2023-04-22 20:02,重庆大学城市科技学院超话,,"http://f.video.weibocdn.com/o0/ssiFFMHglx084Rusww6k010412005EKo0E010.mp4?label=mp4_720p&template=720x1280.24.0&ori=0&ps=1BVp4ysnknHVZu&Expires=1725141317&ssig=PzzZngIeSt&KID=unistore,video",,重庆,蓝V
4893416473495831,MDcbJeFqn,3105480237,橘色棉花瓣,#老人乘地铁用颤抖的手批改资料#这不就是延迟退休后的你我他🤷‍♀️,,,,老人乘地铁用颤抖的手批改资料,0,0,0,2023-04-22 20:01,iPhone客户端,,,,北京,普通用户
4893416284235039,MDcbqhLJ5,5968873438,海评,#老人乘地铁用颤抖的手批改资料#老一辈的人就是敬业，不像我们，在地铁上都是刷手机，最多回复一个“收到”,,,,老人乘地铁用颤抖的手批改资料,1,13,186,2023-04-22 20:00,,,,,浙江,金V
4893409346591275,MDc0erEGT,7649157917,吴梅营养师,#老人乘地铁用颤抖的手批改资料##微博健康公开课#精神可嘉，值得学习看到他这么拼，我们还有什么理由不努力#健商直播#健康直播超话,,,,"老人乘地铁用颤抖的手批改资料,微博健康公开课,健商直播",0,0,0,2023-04-22 19:32,vivo S12,,,,福建,黄V
4893409120878707,MDbZS3GAH,7452532220,娱美衡,#老人乘地铁用颤抖的手批改资料#令人钦佩的老者,,,,老人乘地铁用颤抖的手批改资料,0,3,6,2023-04-22 19:31,小米8周年旗舰手机,https://wx4.sinaimg.cn/large/0088m44Aly1hd8pdvvhpyj30u01qgtn4.jpg,,,山西,黄V
4893408575360493,MDbYZmuvz,2337431791,莱芜发布,【#老人乘地铁用颤抖的手批改资料#，网友：这才是值得尊敬的人】4月21日，陕西西安。石先生坐地铁时看到一位老人专心致志的在批改手里的资料。石先生表示大家都在玩手机，只有这个老人拿笔在那里写写画画，当时感觉他非常认真，自己也很感动。网友纷纷表示，这才是值得尊敬的人。@西部决策L西部决策的微博视频,,,西部决策,老人乘地铁用颤抖的手批改资料,0,0,0,2023-04-22 19:29,微博视频号,,"http://f.video.weibocdn.com/o0/ssiFFMHglx084Rusww6k010412005EKo0E010.mp4?label=mp4_720p&template=720x1280.24.0&ori=0&ps=1CwnkDw1GXwCQx&Expires=1725141295&ssig=zLGKcvqfB3&KID=unistore,video",,,蓝V
4893408332875300,MDbYBc3ZO,5602216376,SOLO的MIZI,#老人乘地铁用颤抖的手批改资料#仿佛看到了65岁还要通勤上班的自己。。。,,,,老人乘地铁用颤抖的手批改资料,0,0,3,2023-04-22 19:28,,,,,上海,红V
4893396558679341,MDbFBApTn,5600426818,沉瑜落晏,#W姓男顶流和富二代前女友复合##老人乘地铁用颤抖的手批改资料#弄上500去,,,,"W姓男顶流和富二代前女友复合,老人乘地铁用颤抖的手批改资料",0,10,2,2023-04-22 18:41,OnePlus 9R,,,,江苏,普通用户
4893396558158671,MDbFByert,3789383253,我是萬十三,#老人乘地铁用颤抖的手批改资料#之前看过一个青年教师在高铁上改卷子被网友痛批。,,,,老人乘地铁用颤抖的手批改资料,0,0,4,2023-04-22 18:41,iPhone客户端,,,,河北,普通用户
4893396554223577,MDbFBhIKd,1911430687,平安广元,#晚安##晚安心语#晚安广元！#老人乘地铁用颤抖的手批改资料#,,,,"晚安,晚安心语,老人乘地铁用颤抖的手批改资料",0,93,48,2023-04-22 18:41,iPhone客户端,https://wx4.sinaimg.cn/large/71ee1e1fgy1hd8nxyurz2j213u0tukhh.jpg,,,,蓝V
4893396499694362,MDbFvEFWG,3623638534,挖西瓜吃吃吃吃吃吃吃吃吃吃吃吃,#老人乘地铁用颤抖的手批改资料#也不知道有没有经过人家同意就放上网了隔壁被迫入镜的人也是，看来出门还是要口罩,,,,老人乘地铁用颤抖的手批改资料,0,0,2,2023-04-22 18:41,微博轻享版,,,,广西,普通用户
4893396467193409,MDbFsubkJ,3262768974,石家庄政法,【#老人乘地铁用颤抖的手批改资料#，网友：这才是值得尊敬的人】4月21日，陕西西安。石先生坐地铁时看到一位老人专心致志的在批改手里的资料。石先生表示大家都在玩手机，只有这个老人拿笔在那里写写画画，当时感觉他非常认真，自己也很感动。网友纷纷表示，这才是值得尊敬的人。@西部决策L西部决策的微博视频,,,西部决策,老人乘地铁用颤抖的手批改资料,0,0,1,2023-04-22 18:41,iPhone客户端,,"http://f.video.weibocdn.com/o0/ssiFFMHglx084Rusww6k010412005EKo0E010.mp4?label=mp4_720p&template=720x1280.24.0&ori=0&ps=1BVp4ysnknHVZu&Expires=1725141325&ssig=brPUazVhV8&KID=unistore,video",,,蓝V
4893396378847567,MDbFjB7EH,5986509059,大表哥侃投资,#老人乘地铁用颤抖的手批改资料#也可能是老教授被气的手发抖，内心独白：这学生质量一届不如一届，都写的什么呀,,,,老人乘地铁用颤抖的手批改资料,0,0,5,2023-04-22 18:41,iPhone 13,,,,辽宁,黄V
4893396310692303,MDbFd2U6b,3017291231,宝狮龙观天下,【#老人乘地铁用颤抖的手批改资料#，网友：这才是值得尊敬的人】4月21日，陕西西安。石先生坐地铁时看到一位老人专心致志的在批改手里的资料。石先生表示大家都在玩手机，只有这个老人拿笔在那里写写画画，当时感觉他非常认真，自己也很感动。网友纷纷表示，这才是值得尊敬的人。@西部决策#陕耀中国#L西部决策的微博视频,,,西部决策,"老人乘地铁用颤抖的手批改资料,陕耀中国",0,1,18,2023-04-22 18:40,微博视频号,,"http://f.video.weibocdn.com/o0/ssiFFMHglx084Rusww6k010412005EKo0E010.mp4?label=mp4_720p&template=720x1280.24.0&ori=0&ps=1BVp4ysnknHVZu&Expires=1725141325&ssig=brPUazVhV8&KID=unistore,video",,陕西,红V
4893396256951390,MDbF7tanc,1278689470,龙立新Aaron,【#老人乘地铁用颤抖的手批改资料#，网友：这才是值得尊敬的人】4月21日，陕西西安。石先生坐地铁时看到一位老人专心致志的在批改手里的资料。石先生表示大家都在玩手机，只有这个老人拿笔在那里写写画画，当时感觉他非常认真，自己也很感动。网友纷纷表示，这才是值得尊敬的人。@西部决策L西部决策的微博视频,,,西部决策,老人乘地铁用颤抖的手批改资料,1,0,1,2023-04-22 18:40,微博视频号,,"http://f.video.weibocdn.com/o0/ssiFFMHglx084Rusww6k010412005EKo0E010.mp4?label=mp4_720p&template=720x1280.24.0&ori=0&ps=1BVp4ysnknHVZu&Expires=1725141325&ssig=brPUazVhV8&KID=unistore,video",,北京,黄V
4893396218421397,MDbF3zkMZ,2248834985,四川魏静,【#老人乘地铁用颤抖的手批改资料#，网友：这才是值得尊敬的人】4月21日，陕西西安。石先生坐地铁时看到一位老人专心致志的在批改手里的资料。石先生表示大家都在玩手机，只有这个老人拿笔在那里写写画画，当时感觉他非常认真，自己也很感动。网友纷纷表示，这才是值得尊敬的人。（西部决策）L西部决策的微博视频,,,,老人乘地铁用颤抖的手批改资料,3,0,3,2023-04-22 18:40,iPhone 7,,"http://f.video.weibocdn.com/o0/ssiFFMHglx084Rusww6k010412005EKo0E010.mp4?label=mp4_720p&template=720x1280.24.0&ori=0&ps=1BVp4ysnknHVZu&Expires=1725141325&ssig=brPUazVhV8&KID=unistore,video",,四川,红V
4893408281756350,MDbYw7mUe,2481743955,TATV天天说事,#老人乘地铁用颤抖的手批改资料#认真的样子，总是最有魅力的。希望我们也能在自己热爱的岗位上，永葆热情。,,,,老人乘地铁用颤抖的手批改资料,0,0,1,2023-04-22 19:28,HUAWEI Mate30 Pro 5G,,,,山东,普通用户
4893408205999896,MDbYopaQw,5754365293,昵称不可用微博你烦不烦啊,#老人乘地铁用颤抖的手批改资料#高龄打工人？,,,,老人乘地铁用颤抖的手批改资料,0,0,0,2023-04-22 19:28,荣耀X40 GT,,,,四川,普通用户
4893408201542030,MDbYo6t9s,2992658994,皮皮艾克斯,#老人乘地铁用颤抖的手批改资料#这必定是一个内涵丰富，充满正能量的老人#来临安看亚运#,,,,"老人乘地铁用颤抖的手批改资料,来临安看亚运",0,0,0,2023-04-22 19:28,HarmonyOS设备,,,,浙江,黄V
4893408105595809,MDbYentIZ,1787043322,魅力蒙自,【#老人乘地铁用颤抖的手批改资料#，网友：这才是值得尊敬的人】4月21日，陕西西安。石先生坐地铁时看到一位老人专心致志的在批改手里的资料。石先生表示大家都在玩手机，只有这个老人拿笔在那里写写画画，当时感觉他非常认真，自己也很感动。网友纷纷表示，这才是值得尊敬的人。（西部决策）L西部决策的微博视频,,,,老人乘地铁用颤抖的手批改资料,0,0,0,2023-04-22 19:27,微博视频号,,"http://f.video.weibocdn.com/o0/ssiFFMHglx084Rusww6k010412005EKo0E010.mp4?label=mp4_720p&template=720x1280.24.0&ori=0&ps=1BVp4ysnknHVZu&Expires=1725141345&ssig=%2FeHu%2FpO2wO&KID=unistore,video",,,蓝V
4893408093802636,MDbYdfXeQ,5643481699,狐狸尾巴不让摸D_D,#老人乘地铁用颤抖的手批改资料#好敬业，但真的好幸苦啊,,,,老人乘地铁用颤抖的手批改资料,0,0,1,2023-04-22 19:27,iQOO Z5 性能先锋,,,,江西,普通用户
4893408079909788,MDbYbFzZi,1880107927,Kitty-飞花宇诺,#老人乘地铁用颤抖的手批改资料#这是值得被大家尊重的人,,,,老人乘地铁用颤抖的手批改资料,0,0,0,2023-04-22 19:27,华为手机,,,,辽宁,黄V
4893408051333905,MDbY95B0B,5692817874,蛇口电视台,【#老人乘地铁用颤抖的手批改资料#，网友：这才是值得尊敬的人】4月21日，陕西西安。石先生坐地铁时看到一位老人专心致志的在批改手里的资料。石先生表示大家都在玩手机，只有这个老人拿笔在那里写写画画，当时感觉他非常认真，自己也很感动。网友纷纷表示，这才是值得尊敬的人。,,,,老人乘地铁用颤抖的手批改资料,0,0,0,2023-04-22 19:27,vivo X70 Pro+,https://wx2.sinaimg.cn/large/006dgtZ8gy1hd8p9i972pj31402gw7p5.jpg,,,,蓝V
4893407996806514,MDbY3syGu,6238376652,肖思雨DAYTOY,#老人乘地铁用颤抖的手批改资料#辛苦了！,,,,老人乘地铁用颤抖的手批改资料,0,0,0,2023-04-22 19:27,肖战小飞侠iPhone 11 Pro Max,,,,中国台湾,黄V
4893407950930353,MDbXZ3U1H,5644330832,幸福是还有人想念啊ism,#老人乘地铁用颤抖的手批改资料#敬佩，活到老学到老,,,,老人乘地铁用颤抖的手批改资料,0,0,4,2023-04-22 19:27,Redmi K30 5G先锋,,,,广东,普通用户
4893407924985371,MDbXWkUVd,6715513747,宁县融媒,【#老人乘地铁用颤抖的手批改资料#，网友：这才是值得尊敬的人】4月21日，陕西西安。石先生坐地铁时看到一位老人专心致志的在批改手里的资料。石先生表示大家都在玩手机，只有这个老人拿笔在那里写写画画，当时感觉他非常认真，自己也很感动。网友纷纷表示，这才是值得尊敬的人。@西部决策L西部决策的微博视频,,,西部决策,老人乘地铁用颤抖的手批改资料,0,1,4,2023-04-22 19:27,微博视频号,,"http://f.video.weibocdn.com/o0/ssiFFMHglx084Rusww6k010412005EKo0E010.mp4?label=mp4_720p&template=720x1280.24.0&ori=0&ps=1BVp4ysnknHVZu&Expires=1725141345&ssig=%2FeHu%2FpO2wO&KID=unistore,video",,,蓝V
4893396189322165,MDbF0D77v,7315724259,散散0606,#老人乘地铁用颤抖的手批改资料#应该给人打个码吧，想想自己六七十岁的时候还不知道在干啥工作，就觉得心拔凉拔凉的,,,,老人乘地铁用颤抖的手批改资料,0,1,1,2023-04-22 18:40,HUAWEI P30,,,,四川,红V
4893396176477060,MDbEZraYI,5349146427,机械BOY,#老人乘地铁用颤抖的手批改资料#以后大家都是65岁退休了，不用急，都能有这么一天的。没准到了这个年纪身体还不如大爷呢。,,,,老人乘地铁用颤抖的手批改资料,0,5,10,2023-04-22 18:40,来自火星的Android,,,,辽宁,红V
4893396155762446,MDbEXob4G,5776445394,武汉东湖学院经济学院团委,#万象#【#老人乘地铁用颤抖的手批改资料#，网友：这才是值得尊敬的人】4月21日，陕西西安。石先生坐地铁时看到一位老人专心致志的在批改手里的资料。石先生表示大家都在玩手机，只有这个老人拿笔在那里写写画画，当时感觉他非常认真，自己也很感动。网友纷纷表示，这才是值得尊敬的人。@西部决策L西部决策的微博视频,,,西部决策,"万象,老人乘地铁用颤抖的手批改资料",0,1,0,2023-04-22 18:40,微博视频号,,"http://f.video.weibocdn.com/o0/ssiFFMHglx084Rusww6k010412005EKo0E010.mp4?label=mp4_720p&template=720x1280.24.0&ori=0&ps=1BVp4ysnknHVZu&Expires=1725141348&ssig=ryM%2BV2it3m&KID=unistore,video",,湖北,蓝V
4893396102021365,MDbES8tQF,3074181393,津彩青春,地铁上，大家都在玩手机，一位老人拿笔在那里写写画画，专心致志地批改手里的资料……网友：这才是值得尊敬的人（西部决策）#老人乘地铁用颤抖的手批改资料#L津彩青春的微博视频,,,,老人乘地铁用颤抖的手批改资料,0,0,0,2023-04-22 18:40,微博视频号,,"http://f.video.weibocdn.com/o0/A4b59O53lx084RXV4k1a010412005Eyt0E010.mp4?label=mp4_720p&template=720x1280.24.0&ori=0&ps=1BVp4ysnknHVZu&Expires=1725141348&ssig=UPkQsycnie&KID=unistore,video",,,蓝V
4893396076859368,MDbEPsMqY,5412057928,Joker放映室,#老人乘地铁用颤抖的手批改资料#以后延迟退休，这种场面即将常态化,,,,老人乘地铁用颤抖的手批改资料,0,45,69,2023-04-22 18:40,,,,,江苏,金V
4893396001620683,MDbEI6NC3,2630570525,青春山东,一位老人乘地铁用颤抖的手批改资料，网友：敬重之心油然而生#老人乘地铁用颤抖的手批改资料#（鹤壁视角）#鲁团分享#L青春山东的微博视频,,,,"老人乘地铁用颤抖的手批改资料,鲁团分享",2,1,5,2023-04-22 18:39,微博视频号,,"http://f.video.weibocdn.com/o0/jvNBsaZqlx084RXFo3vi010412005rZT0E010.mp4?label=mp4_720p&template=720x1280.24.0&ori=0&ps=1BVp4ysnknHVZu&Expires=1725141348&ssig=1y%2FURAHKZG&KID=unistore,video",,,蓝V
4893395716150105,MDbEfpNVf,5136074720,biubiu44328,#老人乘地铁用颤抖的手批改资料#所以不要延迟退休，该休息就休息,,,,老人乘地铁用颤抖的手批改资料,0,0,1,2023-04-22 18:38,HarmonyOS设备,,,,安徽,普通用户
4893395715888966,MDbEfoHZk,6297972712,光影阅评者,#老人乘地铁用颤抖的手批改资料#致敬，非常不容易。,,,,老人乘地铁用颤抖的手批改资料,0,0,1,2023-04-22 18:38,nova7Pro你在焦点在,,,,江苏,普通用户
4893407870714774,MDbXR2ZWC,3740168983,芝士露米嘎嘎乱杀,#老人乘地铁用颤抖的手批改资料#真的很值得尊敬,,,,老人乘地铁用颤抖的手批改资料,0,0,3,2023-04-22 19:26,华为手机,,,,安徽,黄V
4893407786571274,MDbXIrzui,5728152387,Comay_乙Jiang,#老人乘地铁用颤抖的手批改资料#仿佛瞅见了40、50年后的自己，只是希望自己拥有这位老人的那份敬业，对工作的一丝不苟就成,,,,老人乘地铁用颤抖的手批改资料,0,0,2,2023-04-22 19:26,Android,,,,四川,普通用户
4893407754061449,MDbXFh2zf,6518096822,星野琼语-,#老人乘地铁用颤抖的手批改资料#德高望重的老教授呀活到老学到老,,,,老人乘地铁用颤抖的手批改资料,0,0,2,2023-04-22 19:26,iQOO Z6,,,,河南,黄V
4893407586029334,MDbXopivk,7829447023,吴小妹2023,#老人乘地铁用颤抖的手批改资料#值得尊敬,,,,老人乘地铁用颤抖的手批改资料,0,0,0,2023-04-22 19:25,荣耀30 5G,,,,上海,普通用户
4893407513936416,MDbXhgw2A,1657914910,烟台日报社大小新闻,【#老人乘地铁用颤抖的手批改资料#，网友：这才是值得尊敬的人】4月21日，陕西西安。石先生坐地铁时看到一位老人专心致志的在批改手里的资料。石先生表示大家都在玩手机，只有这个老人拿笔在那里写写画画，当时感觉他非常认真，自己也很感动。网友纷纷表示，这才是值得尊敬的人。@西部决策L西部决策的微博视频,,,西部决策,老人乘地铁用颤抖的手批改资料,0,0,0,2023-04-22 19:25,微博视频号,,"http://f.video.weibocdn.com/o0/ssiFFMHglx084Rusww6k010412005EKo0E010.mp4?label=mp4_720p&template=720x1280.24.0&ori=0&ps=1BVp4ysnknHVZu&Expires=1725141366&ssig=9GJC9qfsyF&KID=unistore,video",,,蓝V
4893407459939934,MDbXbFHPw,6062088419,微整医生李大琦,#老人乘地铁用颤抖的手批改资料#师者，传道受业解惑也～能够做这样先生的学生应该是很幸福的事了想我念医学院时的老师了,,,,老人乘地铁用颤抖的手批改资料,0,0,0,2023-04-22 19:25,,,,,浙江,黄V
4893407368186927,MDbX2ylNd,1914812034,南充公安,【#老人乘地铁用颤抖的手批改资料#，网友：这才是值得尊敬的人】4月21日，陕西西安。石先生坐地铁时看到一位老人专心致志的在批改手里的资料。石先生表示大家都在玩手机，只有这个老人拿笔在那里写写画画，当时感觉他非常认真，自己也很感动。网友纷纷表示，这才是值得尊敬的人。@西部决策L西部决策的微博视频,,,西部决策,老人乘地铁用颤抖的手批改资料,0,3,6,2023-04-22 19:24,微博视频号,,"http://f.video.weibocdn.com/o0/ssiFFMHglx084Rusww6k010412005EKo0E010.mp4?label=mp4_720p&template=720x1280.24.0&ori=0&ps=1BVp4ysnknHVZu&Expires=1725141366&ssig=9GJC9qfsyF&KID=unistore,video",,,蓝V
4893407186521451,MDbWKrmwH,2267219482,粤港澳小小胖,粤港澳小小胖超话【#老人乘地铁用颤抖的手批改资料#】4月21日，陕西西安，一位老人在地铁上用颤抖的手批改资料。网友纷纷表示，这才是值得尊敬的人。L粤港澳小小胖的微博视频,,,,老人乘地铁用颤抖的手批改资料,0,2,3,2023-04-22 19:24,粤港澳小小胖超话,,"http://f.video.weibocdn.com/u0/Dc5xZKzAgx084S0WM5w4010412004bTU0E010.mp4?label=mp4_720p&template=720x1280.24.0&ori=0&ps=1BVp4ysnknHVZu&Expires=1725141366&ssig=yZHlmysfzF&KID=unistore,video",,广东,黄V
4893407123865999,MDbWEgdIP,6068854020,一米阳光在心田,#老人乘地铁用颤抖的手批改资料#这位专注批改资料的老师，让人心生敬意L西部决策的微博视频,,,,老人乘地铁用颤抖的手批改资料,1,1,4,2023-04-22 19:23,微博视频号,,"http://f.video.weibocdn.com/o0/ssiFFMHglx084Rusww6k010412005EKo0E010.mp4?label=mp4_720p&template=720x1280.24.0&ori=0&ps=1BVp4ysnknHVZu&Expires=1725141366&ssig=9GJC9qfsyF&KID=unistore,video",,河南,普通用户
4893407107876070,MDbWCx2Vo,7188635236,绝对不熬夜了捏,#老人乘地铁用颤抖的手批改资料#天呐好敬业,,,,老人乘地铁用颤抖的手批改资料,0,0,0,2023-04-22 19:23,狼崽的头号粉丝,,,,山东,黄V
4893395522159539,MDbDW93Nh,1771614733,拉--,#老人乘地铁用颤抖的手批改资料#请问拍摄有经过别人同意吗,,,,老人乘地铁用颤抖的手批改资料,0,2,2,2023-04-22 18:37,Android,,,,福建,普通用户
4893395477073868,MDbDRtGeE,7495798411,L念书,#老人乘地铁用颤抖的手批改资料#大家都会有这一天的，可能是颤颤巍巍的翻垃圾桶,,,,老人乘地铁用颤抖的手批改资料,0,0,1,2023-04-22 18:37,HUAWEI Mate 20 X,,,,江苏,普通用户
4893395333678053,MDbDDfqPr,6076826381,灵感2922,晚安超话晚上好！每天反复做的事情造就了我们，然后你会发现，优秀不是一种行为，而是一种习惯。人生的高度，不是你明白了多少道理，而是你守住了多少底线……#老人乘地铁用颤抖的手批改资料#L灵感2922的微博视频,,,,老人乘地铁用颤抖的手批改资料,0,29,24,2023-04-22 18:37,晚安超话,,"http://f.video.weibocdn.com/o0/0fkmzQ8elx084RXDvrEs01041200bNkS0E010.mp4?label=mp4_720p&template=1280x720.25.0&ori=0&ps=1BVp4ysnknHVZu&Expires=1725141370&ssig=W87SMm3TSi&KID=unistore,video",,安徽,黄V
4893395246122983,MDbDupGRN,1529490302,汉阳滴三爷,#老人乘地铁用颤抖的手批改资料#老人都在努力的工作，我们为什么不努力？还在为五一放几天假在这里喋喋不休,,,,老人乘地铁用颤抖的手批改资料,0,0,0,2023-04-22 18:36,HarmonyOS设备,,,,湖北,黄V
4893395178752090,MDbDnAIOK,7830372193,任嘉伦岳父1号,#老人乘地铁用颤抖的手批改资料#值得尊敬,,,,老人乘地铁用颤抖的手批改资料,0,0,0,2023-04-22 18:36,荣耀30 5G,,,,上海,普通用户
4893395098538192,MDbDfzPaM,1163218074,余丰慧,我投给了“很累，静静休息会儿”这个选项！这位老人是值得尊重的人！很多年轻人也很励志，刚刚参加一个在浙江的活动，在颠簸的大巴车上一位小美女一路都在电脑笔记本上办公，让人肃然起敬！,,,,,0,0,0,2023-04-22 18:36,iPhone 12 Pro Max,,,,河南,金V
4893395056591573,MDbDbrELH,2375086267,参考消息,【#老人乘地铁用颤抖的手批改资料#，网友：这才是值得尊敬的人】4月21日，陕西西安。石先生坐地铁时看到一位老人专心致志的在批改手里的资料。石先生表示大家都在玩手机，只有这个老人拿笔在那里写写画画，当时感觉他非常认真，自己也很感动。网友纷纷表示，这才是值得尊敬的人。（西部决策）L西部决策的微博视频,,,,老人乘地铁用颤抖的手批改资料,17,9,105,2023-04-22 18:35,微博视频号,,"http://f.video.weibocdn.com/o0/ssiFFMHglx084Rusww6k010412005EKo0E010.mp4?label=mp4_720p&template=720x1280.24.0&ori=0&ps=1BVp4ysnknHVZu&Expires=1725141370&ssig=M44BSfsWWZ&KID=unistore,video",,,蓝V
4893406961337470,MDbWo5BW6,6297179134,摸鱼笑尉-已卷化,#老人乘地铁用颤抖的手批改资料#30年以后以后至少半个地铁的老人在车厢里面用笔记本工作,,,,老人乘地铁用颤抖的手批改资料,0,0,0,2023-04-22 19:23,荣耀V30 PRO 5G,,,,广东,普通用户
4893406909957844,MDbWiFMuo,1598163920,漳州风水虎伯,#老人乘地铁用颤抖的手批改资料#老夫也经常做这种批改。#闽南民俗##传统文化#,,漳州·凤浦土地公庙,,"老人乘地铁用颤抖的手批改资料,闽南民俗,传统文化",0,0,0,2023-04-22 19:23,Android,https://wx1.sinaimg.cn/large/5f420bd0gy1hd8p4dzedyj20qo0onn0c.jpg,,,福建,黄V
4893406746383696,MDbW2qMGQ,7788625435,菜瓜爱看狼人杀,#老人乘地铁用颤抖的手批改资料#嗯嗯嗯嗯呢，你放心不用到老，我会提前噶自己,,,,老人乘地铁用颤抖的手批改资料,0,0,0,2023-04-22 19:22,Android,,,,湖南,普通用户
4893406704964716,MDbVYkPy4,7829687728,任嘉伦的小妹2号,#老人乘地铁用颤抖的手批改资料#值得尊敬,,,,老人乘地铁用颤抖的手批改资料,0,0,0,2023-04-22 19:22,荣耀30 5G,,,,上海,普通用户
4893406683992016,MDbVWgKvm,7108567660,Vmericano_Fc,#老人乘地铁用颤抖的手批改资料#这个老师一定是毕业论文的抢手导师,,,,老人乘地铁用颤抖的手批改资料,0,0,4,2023-04-22 19:22,iPhone XR,,,,浙江,黄V
4893406641522951,MDbVS6obJ,6858207935,济南市中融媒,【#老人乘地铁用颤抖的手批改资料#，网友：这才是值得尊敬的人】4月21日，陕西西安。石先生坐地铁时看到一位老人专心致志的在批改手里的资料。石先生表示大家都在玩手机，只有这个老人拿笔在那里写写画画，当时感觉他非常认真，自己也很感动。网友纷纷表示，这才是值得尊敬的人。@西部决策L西部决策的微博视频,,,西部决策,老人乘地铁用颤抖的手批改资料,0,0,1,2023-04-22 19:22,微博视频号,,"http://f.video.weibocdn.com/o0/ssiFFMHglx084Rusww6k010412005EKo0E010.mp4?label=mp4_720p&template=720x1280.24.0&ori=0&ps=1BVp4ysnknHVZu&Expires=1725141388&ssig=ldBr9WfX7%2B&KID=unistore,video",,,蓝V
4893406176481071,MDbV7rc1p,5867782052,黄满满呢,#老人乘地铁用颤抖的手批改资料#值得尊敬的老一辈人,,,,老人乘地铁用颤抖的手批改资料,0,0,0,2023-04-22 19:20,nova5Pro人像超级夜景,,,,浙江,红V
4893406135062903,MDbV3lf5J,1315590387,南国今报,【#老人乘地铁用颤抖的手批改资料# ，网友：这才是值得尊敬的人】4月21日，陕西西安。石先生坐地铁时看到一位老人专心致志的在批改手里的资料。石先生表示大家都在玩手机，只有这个老人拿笔在那里写写画画，当时感觉他非常认真，自己也很感动。网友纷纷表示，这才是值得尊敬的人。（西部决策）L西部决策的微博视频,,,,老人乘地铁用颤抖的手批改资料,0,0,0,2023-04-22 19:20,微博视频号,,"http://f.video.weibocdn.com/o0/ssiFFMHglx084Rusww6k010412005EKo0E010.mp4?label=mp4_720p&template=720x1280.24.0&ori=0&ps=1BVp4ysnknHVZu&Expires=1725141388&ssig=ldBr9WfX7%2B&KID=unistore,video",,,蓝V
4893406134538682,MDbV3j2Iy,5316195283,小梅不会写论文,#老人乘地铁用颤抖的手批改资料#公共场合随便拍人的sb何时绝,,,,老人乘地铁用颤抖的手批改资料,0,0,0,2023-04-22 19:20,荣耀70 Pro 5G,,,,上海,黄V
4893394981100399,MDbD44Cgn,6881143839,中访网观察,【#老人乘地铁用颤抖的手批改资料#，网友：这才是值得尊敬的人】4月21日，陕西西安。石先生坐地铁时看到一位老人专心致志的在批改手里的资料。石先生表示大家都在玩手机，只有这个老人拿笔在那里写写画画，当时感觉他非常认真，自己也很感动。网友纷纷表示，这才是值得尊敬的人。@西部决策L西部决策的微博视频,,,西部决策,老人乘地铁用颤抖的手批改资料,0,0,0,2023-04-22 18:35,微博视频号,,"http://f.video.weibocdn.com/o0/ssiFFMHglx084Rusww6k010412005EKo0E010.mp4?label=mp4_720p&template=720x1280.24.0&ori=0&ps=1BVp4ysnknHVZu&Expires=1725141391&ssig=yC1Fq4qpcJ&KID=unistore,video",,四川,蓝V
4893394978213041,MDbD3ysAp,7014255165,猪小花文文,#老人乘地铁用颤抖的手批改资料#真诚敬意,,,,老人乘地铁用颤抖的手批改资料,0,0,2,2023-04-22 18:35,,,,,广东,普通用户
4893394873353062,MDbCTe4hE,1778758223,新浪看点,【#老人乘地铁用颤抖的手批改资料#，网友：这才是值得尊敬的人】4月21日，陕西西安。石先生坐地铁时看到一位老人专心致志的在批改手里的资料。石先生表示大家都在玩手机，只有这个老人拿笔在那里写写画画，当时感觉他非常认真，自己也很感动。网友纷纷表示，这才是值得尊敬的人。@西部决策L西部决策的微博视频,,,西部决策,老人乘地铁用颤抖的手批改资料,0,0,1,2023-04-22 18:35,微博视频号,,"http://f.video.weibocdn.com/o0/ssiFFMHglx084Rusww6k010412005EKo0E010.mp4?label=mp4_720p&template=720x1280.24.0&ori=0&ps=1BVp4ysnknHVZu&Expires=1725141391&ssig=yC1Fq4qpcJ&KID=unistore,video",,,蓝V
4893394869162896,MDbCSCrGE,2028810631,新浪新闻,【#老人乘地铁用颤抖的手批改资料#，网友：这才是值得尊敬的人】4月21日，陕西西安。石先生坐地铁时看到一位老人专心致志的在批改手里的资料。石先生表示大家都在玩手机，只有这个老人拿笔在那里写写画画，当时感觉他非常认真，自己也很感动。网友纷纷表示，这才是值得尊敬的人。@西部决策L西部决策的微博视频,,,西部决策,老人乘地铁用颤抖的手批改资料,10,21,177,2023-04-22 18:35,微博视频号,,"http://f.video.weibocdn.com/o0/ssiFFMHglx084Rusww6k010412005EKo0E010.mp4?label=mp4_720p&template=720x1280.24.0&ori=0&ps=1BVp4ysnknHVZu&Expires=1725141391&ssig=yC1Fq4qpcJ&KID=unistore,video",,,蓝V
4893394826694585,MDbCOs5zb,2014329647,安美15,#老人乘地铁用颤抖的手批改资料#，,,,,老人乘地铁用颤抖的手批改资料,0,0,3,2023-04-22 18:35,OPPO K9 5G,,,,浙江,普通用户
4893394742286055,MDbCG9AHR,3329404852,彭州市综合行政执法局,【#老人乘地铁用颤抖的手批改资料#，网友：这才是值得尊敬的人】4月21日，陕西西安。石先生坐地铁时看到一位老人专心致志的在批改手里的资料。石先生表示大家都在玩手机，只有这个老人拿笔在那里写写画画，当时感觉他非常认真，自己也很感动。网友纷纷表示，这才是值得尊敬的人。@西部决策L西部决策的微博视频,,,西部决策,老人乘地铁用颤抖的手批改资料,0,0,0,2023-04-22 18:34,微博视频号,,"http://f.video.weibocdn.com/o0/ssiFFMHglx084Rusww6k010412005EKo0E010.mp4?label=mp4_720p&template=720x1280.24.0&ori=0&ps=1BVp4ysnknHVZu&Expires=1725141391&ssig=yC1Fq4qpcJ&KID=unistore,video",,,蓝V
4893394692479862,MDbCBap7M,5687763739,棣区薯豆,#老人乘地铁用颤抖的手批改资料#看起来像一位大学的教授好认真,,,,老人乘地铁用颤抖的手批改资料,0,0,1,2023-04-22 18:34,棣给我糖Android,,,,山东,黄V
4893394654730162,MDbCxjQwW,7481914894,老师同学在天堂9926,#老人乘地铁用颤抖的手批改资料#这么大岁数了还不能退休,,,,老人乘地铁用颤抖的手批改资料,0,0,1,2023-04-22 18:34,HUAWEI Mate 30 5G,,,,内蒙古,普通用户
4893406133748585,MDbV3fJb3,1653603955,扬子晚报,【#老人乘地铁用颤抖的手批改资料#，网友：这才是值得尊敬的人】4月21日，陕西西安。石先生坐地铁时看到一位老人专心致志的在批改手里的资料。石先生表示大家都在玩手机，只有这个老人拿笔在那里写写画画，当时感觉他非常认真，自己也很感动。网友纷纷表示，这才是值得尊敬的人。@西部决策L西部决策的微博视频,,,西部决策,老人乘地铁用颤抖的手批改资料,0,0,11,2023-04-22 19:20,微博视频号,,"http://f.video.weibocdn.com/o0/ssiFFMHglx084Rusww6k010412005EKo0E010.mp4?label=mp4_720p&template=720x1280.24.0&ori=0&ps=1BVp4ysnknHVZu&Expires=1725141409&ssig=VvpQ8n6fPj&KID=unistore,video",,,蓝V
4893406012381060,MDbUR9Zqc,5433205615,LandofBrokenHearts,#老人乘地铁用颤抖的手批改资料#哈哈哈哈哈哈突然想到延迟退休之后会不会地铁上都是这个场景,,,,老人乘地铁用颤抖的手批改资料,1,11,24,2023-04-22 19:19,LuckyJudy iPhone客户端,,,,江苏,黄V
4893405983540019,MDbUOeQV5,6480647953,Bourbonssss,#老人乘地铁用颤抖的手批改资料#槽点太多,,,,老人乘地铁用颤抖的手批改资料,0,0,0,2023-04-22 19:19,iQOO 9 Pro 赛道传奇,,,,天津,普通用户
4893405882091673,MDbUE8M8F,7495109251,大园瀛了,#老人乘地铁用颤抖的手批改资料#油然而生的尊敬！,,,,老人乘地铁用颤抖的手批改资料,0,0,5,2023-04-22 19:19,小米10,,,,江苏,黄V
4893405874753732,MDbUDjWF6,5833359023,填鸭式教育受害者,#老人乘地铁用颤抖的手批改资料#4月21日，陕西西安。石先生坐地铁时看到一位老人专心致志的在批改手里的资料。石先生表示大家都在玩手机，只有这个老人拿笔在那里写写画画，当时感觉他非常认真，自己也很感动。网友纷纷表示，这才是值得尊敬的人。@西部决策L西部决策的微博视频,,,西部决策,老人乘地铁用颤抖的手批改资料,1,15,129,2023-04-22 19:18,微博视频号,,"http://f.video.weibocdn.com/o0/ssiFFMHglx084Rusww6k010412005EKo0E010.mp4?label=mp4_720p&template=720x1280.24.0&ori=0&ps=1BVp4ysnknHVZu&Expires=1725141409&ssig=VvpQ8n6fPj&KID=unistore,video",,广东,金V
4893405770155562,MDbUt0Et4,1417206603,胡江波在北京,#老人乘地铁用颤抖的手批改资料#换个角度，但凡年轻人把廉价的感动换成这样的敬业，也不至于他满头白发还需要给别人批改资料。L西部决策的微博视频,,,,老人乘地铁用颤抖的手批改资料,0,0,0,2023-04-22 19:18,微博视频号,,"http://f.video.weibocdn.com/o0/ssiFFMHglx084Rusww6k010412005EKo0E010.mp4?label=mp4_720p&template=720x1280.24.0&ori=0&ps=1BVp4ysnknHVZu&Expires=1725141409&ssig=VvpQ8n6fPj&KID=unistore,video",,北京,红V
4893405731621947,MDbUp6NWr,2809725447,·敲火试新茶·,#老人乘地铁用颤抖的手批改资料#这不就是延迟退休的我吗，走路颤颤巍巍但是要上班,,,,老人乘地铁用颤抖的手批改资料,0,4,24,2023-04-22 19:18,,https://wx1.sinaimg.cn/large/a7790207ly1hd8ozv1gsrj20u00u0n0b.jpg,,,北京,黄V
4893405664775582,MDbUik2lw,5539777260,菏泽日报,【#老人乘地铁用颤抖的手批改资料#，网友：这才是值得尊敬的人】4月21日，陕西西安。石先生坐地铁时看到一位老人专心致志的在批改手里的资料。石先生表示大家都在玩手机，只有这个老人拿笔在那里写写画画，当时感觉他非常认真，自己也很感动。网友纷纷表示，这才是值得尊敬的人。@西部决策L西部决策的微博视频,,,西部决策,老人乘地铁用颤抖的手批改资料,0,2,2,2023-04-22 19:18,微博视频号,,"http://f.video.weibocdn.com/o0/ssiFFMHglx084Rusww6k010412005EKo0E010.mp4?label=mp4_720p&template=720x1280.24.0&ori=0&ps=1BVp4ysnknHVZu&Expires=1725141409&ssig=VvpQ8n6fPj&KID=unistore,video",,,蓝V
4893405656388391,MDbUhqNUz,6328039858,Tacitus_trap,#老人乘地铁用颤抖的手批改资料#难道这就是发挥艰苦奋斗的精神在地铁的环境可以叫做艰苦吗？,,,,老人乘地铁用颤抖的手批改资料,0,2,3,2023-04-22 19:18,nova7你在焦点在,,,,广西,黄V
4893405551268646,MDbU75k22,7804743848,小楼昨夜约东风,#老人乘地铁用颤抖的手批改资料#,,,,老人乘地铁用颤抖的手批改资料,0,0,0,2023-04-22 19:17,HUAWEI Mate 40E,,,,江苏,普通用户
4893394521031186,MDbCk4kg2,3935760376,雯子精的克星,#老人乘地铁用颤抖的手批改资料#我现在不玩手机等老了手抖怎么办,,,,老人乘地铁用颤抖的手批改资料,0,0,0,2023-04-22 18:33,HUAWEI P50 Pro,,,,上海,普通用户
4893394411197718,MDbC951A2,3955261359,铜仁发布,【#老人乘地铁用颤抖的手批改资料#，网友：这才是值得尊敬的人】4月21日，陕西西安。石先生坐地铁时看到一位老人专心致志的在批改手里的资料。石先生表示大家都在玩手机，只有这个老人拿笔在那里写写画画，当时感觉他非常认真，自己也很感动。网友纷纷表示，这才是值得尊敬的人。@西部决策L西部决策的微博视频,,,西部决策,老人乘地铁用颤抖的手批改资料,0,0,0,2023-04-22 18:33,微博视频号,,"http://f.video.weibocdn.com/o0/ssiFFMHglx084Rusww6k010412005EKo0E010.mp4?label=mp4_720p&template=720x1280.24.0&ori=0&ps=1BVp4ysnknHVZu&Expires=1725141413&ssig=%2F2y1yobRnt&KID=unistore,video",,,蓝V
4893394318656558,MDbBZAjXU,7828944465,任嘉伦老婆专属,#老人乘地铁用颤抖的手批改资料#值得尊敬,,,,老人乘地铁用颤抖的手批改资料,0,0,0,2023-04-22 18:33,荣耀30 5G,,,,上海,普通用户
4893394268589120,MDbBUA2qc,6330423301,_陌上吟归雪_,#老人乘地铁用颤抖的手批改资料#这是一位令人尊敬的老人,,,,老人乘地铁用颤抖的手批改资料,0,0,3,2023-04-22 18:32,学长的学妹爱心发射biubiu,,,,上海,黄V
4893394260987159,MDbBU48NV,5585631119,xj淇嘉宝贝,#老人乘地铁用颤抖的手批改资料#老教授样兢兢业业工作，都会不由得心生敬佩,,,,老人乘地铁用颤抖的手批改资料,0,0,0,2023-04-22 18:32,nova7你在焦点在,,,,广西,黄V
4893394251809262,MDbBT7AFE,1910612140,东楚晚报,【#老人乘地铁用颤抖的手批改资料#，网友：这才是值得尊敬的人】4月21日，陕西西安。石先生坐地铁时看到一位老人专心致志的在批改手里的资料。石先生表示大家都在玩手机，只有这个老人拿笔在那里写写画画，当时感觉他非常认真，自己也很感动。网友纷纷表示，这才是值得尊敬的人。@西部决策L西部决策的微博视频,,,西部决策,老人乘地铁用颤抖的手批改资料,0,0,0,2023-04-22 18:32,微博视频号,,"http://f.video.weibocdn.com/o0/ssiFFMHglx084Rusww6k010412005EKo0E010.mp4?label=mp4_720p&template=720x1280.24.0&ori=0&ps=1BVp4ysnknHVZu&Expires=1725141413&ssig=%2F2y1yobRnt&KID=unistore,video",,,蓝V
4893394247881789,MDbBSx4pD,3955261359,铜仁发布,【简单易练！#一学就会的抬腿燃脂操#】夏天快到了，一套抬腿燃脂操，提膝抬腿，不伤害膝盖的同时，还能瘦腿~注意：做动作时要保持核心稳定，不要侧倒或倾斜。练起来吧↓↓#老人乘地铁用颤抖的手批改资料#L央视一套的微博视频,,,,"一学就会的抬腿燃脂操,老人乘地铁用颤抖的手批改资料",0,0,1,2023-04-22 18:32,微博视频号,,"http://f.video.weibocdn.com/o0/aNHTf9r0lx084OLhlTIs01041200HYUG0E010.mp4?label=mp4_720p&template=1280x720.25.0&ori=0&ps=1BVp4ysnknHVZu&Expires=1725141413&ssig=qlSU1lsWoF&KID=unistore,video",,,蓝V
4893394146695908,MDbBIs5Uw,6883519655,上下撇捺左右弯勾,#老人乘地铁用颤抖的手批改资料#今天坐地铁也遇到一位认真填表的老爷爷,,,,老人乘地铁用颤抖的手批改资料,0,0,0,2023-04-22 18:32,iPhone客户端,,,,北京,普通用户
4893394054420687,MDbBziy1p,1737737970,新民晚报新民网,【#老人乘地铁用颤抖的手批改资料#，网友：这才是值得尊敬的人】4月21日，陕西西安。石先生坐地铁时看到一位老人专心致志的在批改手里的资料。石先生表示大家都在玩手机，只有这个老人拿笔在那里写写画画，当时感觉他非常认真，自己也很感动。网友纷纷表示，这才是值得尊敬的人。via西部决策L西部决策的微博视频,,,,老人乘地铁用颤抖的手批改资料,1,1,7,2023-04-22 18:32,微博视频号,,"http://f.video.weibocdn.com/o0/ssiFFMHglx084Rusww6k010412005EKo0E010.mp4?label=mp4_720p&template=720x1280.24.0&ori=0&ps=1BVp4ysnknHVZu&Expires=1725141413&ssig=%2F2y1yobRnt&KID=unistore,video",,,蓝V
4893405497265163,MDbU1uu03,7776775589,KARRY-FAYE,#老人乘地铁用颤抖的手批改资料#👍👍,,,,老人乘地铁用颤抖的手批改资料,0,0,1,2023-04-22 19:17,vivo手机,,,,山东,黄V
4893405455319886,MDbTXmjWC,1767760462,新浪宁波,#热门新闻#【#老人乘地铁用颤抖的手批改资料#，网友：这才是值得尊敬的人】4月21日，陕西西安。石先生坐地铁时看到一位老人专心致志的在批改手里的资料。石先生表示大家都在玩手机，只有这个老人拿笔在那里写写画画，当时感觉他非常认真，自己也很感动。网友纷纷表示，这才是值得尊敬的人。@西部决策L西部决策的微博视频,,,西部决策,"热门新闻,老人乘地铁用颤抖的手批改资料",0,0,1,2023-04-22 19:17,微博视频号,,"http://f.video.weibocdn.com/o0/ssiFFMHglx084Rusww6k010412005EKo0E010.mp4?label=mp4_720p&template=720x1280.24.0&ori=0&ps=1BVp4ysnknHVZu&Expires=1725141431&ssig=USRhhh5%2B7f&KID=unistore,video",,浙江,蓝V
4893405405249780,MDbTSm1HS,7828872877,小爱萨芬1号,#老人乘地铁用颤抖的手批改资料#值得尊敬,,,,老人乘地铁用颤抖的手批改资料,0,0,0,2023-04-22 19:17,荣耀30 5G,,,,上海,普通用户
4893405338143971,MDbTLyaCn,5995589122,小菌评论,#老人乘地铁用颤抖的手批改资料#我想起了那个延长退休年龄的视频，我希望我的老年可以有时间和体力游山玩水，现在的我在苦逼打工！,,,,老人乘地铁用颤抖的手批改资料,0,1,5,2023-04-22 19:16,,,,,辽宁,金V
4893405329491906,MDbTKDPhg,6136602284,初春铭记,#老人乘地铁用颤抖的手批改资料#敬业的👍,,,,老人乘地铁用颤抖的手批改资料,0,0,1,2023-04-22 19:16,iPhone客户端,,,,浙江,普通用户
4893405261858015,MDbTE7NlZ,7698612483,足球我的菜,#老人乘地铁用颤抖的手批改资料#时代造就人！为老一辈人致敬，国家欠他们一个幸福的晚年！,,,,老人乘地铁用颤抖的手批改资料,0,0,4,2023-04-22 19:16,iPhone X,,,,上海,黄V
4893405152280973,MDbTt9znT,2401556345,芜湖共青团,【#老人乘地铁用颤抖的手批改资料#，网友：这才是值得尊敬的人】4月21日，陕西西安。石先生坐地铁时看到一位老人专心致志的在批改手里的资料。石先生表示大家都在玩手机，只有这个老人拿笔在那里写写画画，当时感觉他非常认真，自己也很感动。网友纷纷表示，这才是值得尊敬的人。@西部决策L西部决策的微博视频,,,西部决策,老人乘地铁用颤抖的手批改资料,0,0,0,2023-04-22 19:16,微博视频号,,"http://f.video.weibocdn.com/o0/ssiFFMHglx084Rusww6k010412005EKo0E010.mp4?label=mp4_720p&template=720x1280.24.0&ori=0&ps=1BVp4ysnknHVZu&Expires=1725141431&ssig=USRhhh5%2B7f&KID=unistore,video",,,蓝V
4893393988354710,MDbBsz3ro,7831833401,82公主82,#老人乘地铁用颤抖的手批改资料#希望65岁的我依然能够蹦最猛的迪,,,,老人乘地铁用颤抖的手批改资料,0,0,0,2023-04-22 18:31,iPhone客户端,,,,广东,普通用户
4893393974463852,MDbBriJfC,7014571041,叶庭君Yes,#老人乘地铁用颤抖的手批改资料#六号线上看到一位老学家用颤抖着手在批改文献！泪目诶！我们学校的老教授也都是很严谨负责！L向上鹿先森的微博视频,,,,老人乘地铁用颤抖的手批改资料,0,0,0,2023-04-22 18:31,HarmonyOS设备,,"http://f.video.weibocdn.com/u0/I3J7jXr7gx084RXkRqpW010412004yDs0E010.mp4?label=mp4_720p&template=720x1280.24.0&ori=0&ps=1BVp4ysnknHVZu&Expires=1725141435&ssig=p6z63WHP1X&KID=unistore,video",,广东,黄V
4893393921247712,MDbBm5eAo,2118205862,宁夏新闻网,【#老人乘地铁用颤抖的手批改资料#，网友：这才是值得尊敬的人】4月21日，陕西西安。石先生坐地铁时看到一位老人专心致志的在批改手里的资料。石先生表示大家都在玩手机，只有这个老人拿笔在那里写写画画，当时感觉他非常认真，自己也很感动。网友纷纷表示，这才是值得尊敬的人。@西部决策L西部决策的微博视频,,,西部决策,老人乘地铁用颤抖的手批改资料,0,0,0,2023-04-22 18:31,微博视频号,,"http://f.video.weibocdn.com/o0/ssiFFMHglx084Rusww6k010412005EKo0E010.mp4?label=mp4_720p&template=720x1280.24.0&ori=0&ps=1BVp4ysnknHVZu&Expires=1725141435&ssig=uoum5zFAhk&KID=unistore,video",,,蓝V
4893393622145274,MDbAS905c,1641561812,经济观察报,【#老人乘地铁用颤抖的手批改资料#，网友：这才是值得尊敬的人】4月21日，陕西西安。乘客石先生坐地铁时看到一位老人专心致志的在批改手里的资料。石先生表示大家都在玩手机，只有这个老人拿笔在那里写写画画，当时感觉他非常认真，自己也很感动。网友纷纷表示，这才是值得尊敬的人。@西部决策L西部决策的微博视频,,,西部决策,老人乘地铁用颤抖的手批改资料,0,0,13,2023-04-22 18:30,微博视频号,,"http://f.video.weibocdn.com/o0/ssiFFMHglx084Rusww6k010412005EKo0E010.mp4?label=mp4_720p&template=720x1280.24.0&ori=0&ps=1BVp4ysnknHVZu&Expires=1725141435&ssig=uoum5zFAhk&KID=unistore,video",,,蓝V
4893393622142900,MDbAS8ZsU,5235017199,民和生活圈,【#老人乘地铁用颤抖的手批改资料#，网友：这才是值得尊敬的人】4月21日，陕西西安。石先生坐地铁时看到一位老人专心致志的在批改手里的资料。石先生表示大家都在玩手机，只有这个老人拿笔在那里写写画画，当时感觉他非常认真，自己也很感动。网友纷纷表示，这才是值得尊敬的人。#青春拥抱新时代#L西部决策的微博视频,,,,"老人乘地铁用颤抖的手批改资料,青春拥抱新时代",0,0,0,2023-04-22 18:30,微博视频号,,"http://f.video.weibocdn.com/o0/ssiFFMHglx084Rusww6k010412005EKo0E010.mp4?label=mp4_720p&template=720x1280.24.0&ori=0&ps=1BVp4ysnknHVZu&Expires=1725141435&ssig=uoum5zFAhk&KID=unistore,video",,青海,蓝V
4893393538259597,MDbAJyEHj,1049664781,石战牛熊,#老人乘地铁用颤抖的手批改资料#像是值得尊敬的老教授，老一辈对待工作的态度非常值得学习,,,,老人乘地铁用颤抖的手批改资料,0,1,7,2023-04-22 18:29,,,,,辽宁,红V
4893404967735647,MDbTawsov,5248141190,然游天涯,#老人乘地铁用颤抖的手批改资料#老教师很认真,,济南·郎茂山公园,,老人乘地铁用颤抖的手批改资料,0,0,2,2023-04-22 19:15,HUAWEI P50E,,,,山东,普通用户
4893404951745141,MDbT97jZr,7558274076,闭嘴吧你ugly,#老人乘地铁用颤抖的手批改资料#任何努力的工作者都值得敬佩,,,,老人乘地铁用颤抖的手批改资料,0,0,0,2023-04-22 19:15,vivo S7轻薄自拍旗舰,,,,安徽,普通用户
4893404918715065,MDbT5Azbz,5077446469,江安警方在线,#老人乘地铁用颤抖的手批改资料#【#老人乘地铁用颤抖的手批改资料#，网友：这才是值得尊敬的人】4月21日，陕西西安。石先生坐地铁时看到一位老人专心致志的在批改手里的资料。石先生表示大家都在玩手机，只有这个老人拿笔在那里写写画画，当时感觉他非常认真，自己也很感动。网友纷纷表示，这才是值得尊敬的人。@西部决策L西部决策的微博视频,,,西部决策,老人乘地铁用颤抖的手批改资料,0,1,1,2023-04-22 19:15,微博视频号,,"http://f.video.weibocdn.com/o0/ssiFFMHglx084Rusww6k010412005EKo0E010.mp4?label=mp4_720p&template=720x1280.24.0&ori=0&ps=1BVp4ysnknHVZu&Expires=1725141453&ssig=4Dcd2AG5ed&KID=unistore,video",,,蓝V
4893404875463752,MDbT1mVn2,2090512390,北青网,【#老人乘地铁用颤抖的手批改资料#，网友：这才是值得尊敬的人】4月21日，陕西西安。石先生坐地铁时看到一位老人专心致志的在批改手里的资料。石先生表示大家都在玩手机，只有这个老人拿笔在那里写写画画，当时感觉他非常认真，自己也很感动。网友纷纷表示，这才是值得尊敬的人。@西部决策L西部决策的微博视频,,,西部决策,老人乘地铁用颤抖的手批改资料,0,0,1,2023-04-22 19:15,微博视频号,,"http://f.video.weibocdn.com/o0/ssiFFMHglx084Rusww6k010412005EKo0E010.mp4?label=mp4_720p&template=720x1280.24.0&ori=0&ps=1BVp4ysnknHVZu&Expires=1725141453&ssig=4Dcd2AG5ed&KID=unistore,video",,,蓝V
4893404837713884,MDbSXwmJu,7808063530,对王俊凯柔情,#老人乘地铁用颤抖的手批改资料#等我们老了也可以颤动着手翻看手机,,,,老人乘地铁用颤抖的手批改资料,0,0,0,2023-04-22 19:14,王俊凯老婆Android,,,,广东,红V
4893404804422703,MDbSUiyxV,7609546920,苏沫DAytoy,#老人乘地铁用颤抖的手批改资料#对生活充满热爱，努力工作的人都值得尊敬,,,,老人乘地铁用颤抖的手批改资料,0,0,0,2023-04-22 19:14,肖战顺顺利利,,,,陕西,黄V
4893404666268504,MDbSGqiIU,2093171887,看金牛,#老人乘地铁用颤抖的手批改资料#你乘坐地铁的时候一般都在干嘛？,,,,老人乘地铁用颤抖的手批改资料,0,2,34,2023-04-22 19:14,奔跑的牛牛HarmonyOS设备,,,,,蓝V
4893404577928472,MDbSxxgyA,7611147927,新黄河,【#老人乘地铁用颤抖的手批改资料#】4月21日，陕西西安。石先生在乘坐地铁时，我看到一位老人专注于纠正手中的资料。石先生表示大家都在玩手机，只有这个老人拿笔在那里写写画画，感觉他非常认真，自己也很感动。网友纷纷表示：这才是值得尊敬的人。L西部决策的微博视频via.@西部决策,,,西部决策,老人乘地铁用颤抖的手批改资料,0,0,0,2023-04-22 19:13,iPhone客户端,,"http://f.video.weibocdn.com/o0/ssiFFMHglx084Rusww6k010412005EKo0E010.mp4?label=mp4_720p&template=720x1280.24.0&ori=0&ps=1BVp4ysnknHVZu&Expires=1725141453&ssig=4Dcd2AG5ed&KID=unistore,video",,,蓝V
4893404541225676,MDbSu58QY,6981578343,甜橘七七Allen苏,#老人乘地铁用颤抖的手批改资料#以后的社畜打工人也是如此就是了只不过大爷是主动，我们是被动,,,,老人乘地铁用颤抖的手批改资料,0,2,10,2023-04-22 19:13,,,,,河北,黄V
4893393454375369,MDbABimet,3964329774,今日好产品,【#老人乘地铁用颤抖的手批改资料#，网友：这才是值得尊敬的人】4月21日，陕西西安。石先生坐地铁时看到一位老人专心致志的在批改手里的资料。石先生表示大家都在玩手机，只有这个老人拿笔在那里写写画画，当时感觉他非常认真，自己也很感动。,,,,老人乘地铁用颤抖的手批改资料,0,0,0,2023-04-22 18:29,红米Redmi,https://wx1.sinaimg.cn/large/ec4adf2egy1hd8nl60nxbj20k00zkn1m.jpg,,,贵州,黄V
4893393417409220,MDbAxv5ty,6030578128,人生就是扯淡-,#老人乘地铁用颤抖的手批改资料#老文化人总是那样兢兢业业工作，而且他们是很认真很乐意的，这才是值得尊敬的人，对老教授敬重之心油然而生,,,,老人乘地铁用颤抖的手批改资料,3,37,552,2023-04-22 18:29,,,,,广东,金V
4893393333520090,MDbApeLJE,7829804556,任嘉伦岳父2号,#老人乘地铁用颤抖的手批改资料#值得尊敬,,,,老人乘地铁用颤抖的手批改资料,0,0,0,2023-04-22 18:29,荣耀30 5G,,,,上海,普通用户
4893393216341610,MDbAdqBK2,7523360251,歌到喑哑777,#老人乘地铁用颤抖的手批改资料#真是让人敬佩。遥想当年，我也曾在公交车上背演讲稿。不知道，等我这个年纪时，还能不能保持这种专注？,,,,老人乘地铁用颤抖的手批改资料,0,0,0,2023-04-22 18:28,微博搜索,,,,河南,普通用户
4893393186984389,MDbAatiXr,6139876832,兰山融媒,【#老人乘地铁用颤抖的手批改资料#，网友：这才是值得尊敬的人】4月21日，陕西西安，一网友坐地铁时看到一位老人专心致志的在批改手里的资料。网友说大家都在玩手机，只有这个老人拿笔在那里写写画画，当时感觉他非常认真，自己也很感动。@西部决策http://t.cn/A6NiJwYz,,,西部决策http,老人乘地铁用颤抖的手批改资料,0,0,0,2023-04-22 18:28,iPhone客户端,,"http://f.video.weibocdn.com/o0/ssiFFMHglx084Rusww6k010412005EKo0E010.mp4?label=mp4_720p&template=720x1280.24.0&ori=0&ps=1CwnkDw1GXwCQx&Expires=1725141411&ssig=1t39Rt6q1s&KID=unistore,video",,,蓝V
4893392964944953,MDbzOkKpj,7741853009,唐老鸭解盘,#老人乘地铁用颤抖的手批改资料#大家65岁都有机会在地铁上批改资料,,,,老人乘地铁用颤抖的手批改资料,0,0,7,2023-04-22 18:27,莲莲老婆的iPhone客户端,,,,江苏,黄V
4893392960488173,MDbzO22ZL,7622475908,海护法,#老人乘地铁用颤抖的手批改资料#说真的，我一直觉得相比老一辈，我们这代多数人都太过浮躁，对工作对生活对个人都是这样,,,,老人乘地铁用颤抖的手批改资料,2,1,20,2023-04-22 18:27,,https://wx4.sinaimg.cn/large/008jR8bOly1hd8nj3smtrj30tc1erwl4.jpg,,,宁夏,黄V
4893392951838430,MDbzN7Ig6,2442273073,内蒙古青年,【#老人乘地铁用颤抖的手批改资料#，网友：这才是值得尊敬的人】4月21日，陕西西安。石先生坐地铁时看到一位老人专心致志的在批改手里的资料。石先生表示大家都在玩手机，只有这个老人拿笔在那里写写画画，当时感觉他非常认真，自己也很感动。网友纷纷表示，这才是值得尊敬的人。#青春拥抱新时代#L西部决策的微博视频,,,,"老人乘地铁用颤抖的手批改资料,青春拥抱新时代",0,0,1,2023-04-22 18:27,微博视频号,,"http://f.video.weibocdn.com/o0/ssiFFMHglx084Rusww6k010412005EKo0E010.mp4?label=mp4_720p&template=720x1280.24.0&ori=0&ps=1CwnkDw1GXwCQx&Expires=1725141411&ssig=1t39Rt6q1s&KID=unistore,video",,,蓝V
4893404468874606,MDbSmBeGO,7478017378,火锅不是涮锅,#老人乘地铁用颤抖的手批改资料#记得上次还看到一个女老师早上在地铁改教案，永远对老师保持敬意,,,,老人乘地铁用颤抖的手批改资料,0,1,4,2023-04-22 19:13,对着Judy爱心发射biubiu,,,,陕西,黄V
4893404423786614,MDbSifT4q,7749906682,player__佛爷,#老人乘地铁用颤抖的手批改资料#很努力的工作,,,,老人乘地铁用颤抖的手批改资料,0,0,0,2023-04-22 19:13,美帝的HarmonyOS设备,,,,江苏,黄V
4893404297696040,MDbS5wi5G,1837242684,金华小陈说事,【良师孝子：往返30公里背母上班，照顾病母五年！】为能照顾丧失生活能力的母亲，每天用一根布条把母亲绑在自己身上，骑行30公里去上班！你愿意为好儿子陈斌强点赞吗？#老人乘地铁用颤抖的手批改资料##金华好网事#金华小陈说事超话L金华小陈说事的微博视频,,金华,,"老人乘地铁用颤抖的手批改资料,金华好网事",3,0,21,2023-04-22 19:12,中国超话,,"http://f.video.weibocdn.com/o0/UdQQm3D4lx084S06Pcf601041200eaWy0E010.mp4?label=mp4_720p&template=544x960.24.0&ori=0&ps=1BVp4ysnknHVZu&Expires=1725141474&ssig=oJzkyxfn%2Fv&KID=unistore,video",,浙江,红V
4893404288261299,MDbS4yF8L,7829108179,任嘉伦的小宝贝2号,#老人乘地铁用颤抖的手批改资料#值得尊敬,,,,老人乘地铁用颤抖的手批改资料,0,0,0,2023-04-22 19:12,荣耀30 5G,,,,上海,普通用户
4893404242646797,MDbS0b6yh,6437196111,松果满了,#老人乘地铁用颤抖的手批改资料#延迟退休后，五六十岁还有工作的，只会偷着乐。很多人40+就被迫“提前退休”了，根本找不到工作啊,,,,老人乘地铁用颤抖的手批改资料,0,0,0,2023-04-22 19:12,iPhone客户端,,,,广东,普通用户
4893404208829994,MDbRWB35g,7416054155,居居和桔子,#老人乘地铁用颤抖的手批改资料#第一次看到暖rs,,,,老人乘地铁用颤抖的手批改资料,0,0,2,2023-04-22 19:12,OPPO Reno7 5G,,,,日本,黄V
4893404100298761,MDbRM1fIJ,1966715680,长江云官方微博,【#老人乘地铁用颤抖的手批改资料#，网友：这才是值得尊敬的人】4月21日，陕西西安。石先生坐地铁时看到一位老人专心致志的在批改手里的资料。石先生表示大家都在玩手机，只有这个老人拿笔在那里写写画画，当时感觉他非常认真，自己也很感动。网友纷纷表示，这才是值得尊敬的人。L西部决策的微博视频,,,,老人乘地铁用颤抖的手批改资料,0,0,1,2023-04-22 19:11,微博视频号,,"http://f.video.weibocdn.com/o0/ssiFFMHglx084Rusww6k010412005EKo0E010.mp4?label=mp4_720p&template=720x1280.24.0&ori=0&ps=1BVp4ysnknHVZu&Expires=1725141474&ssig=CSd3R430Rl&KID=unistore,video",,,蓝V
4893404062812120,MDbRIbNyM,5997695531,春和井鸣的城堡,#老人乘地铁用颤抖的手批改资料#兔死狐悲，物伤其类仿佛看到了将来的自己…,,,,老人乘地铁用颤抖的手批改资料,0,0,2,2023-04-22 19:11,HUAWEI P20 Pro,,,,广西,黄V
4893392767815634,MDbzuwNcC,3991747860,狄九,#老人乘地铁用颤抖的手批改资料#按照目前这个势头发展下去，没有人争取8小时工作制和双休的话，加上人口老龄化，2070年我们有望比他更花甲的年龄，然后修改着东西。,,,,老人乘地铁用颤抖的手批改资料,0,0,9,2023-04-22 18:26,微博bb机,,,,浙江,黄V
4893392251916440,MDbyF82yk,6480005671,-爱吃梅子的企鹅-,#老人乘地铁用颤抖的手批改资料#看起来是个很和蔼的老教授哇，看到这种白发老教授，都会不由得心生敬佩,,,,老人乘地铁用颤抖的手批改资料,6,14,46,2023-04-22 18:24,我机智的小脑瓜,,,,青海,黄V
4893392024637403,MDbyijsoP,6883284959,考研择校指南,#老人乘地铁用颤抖的手批改资料#这看着像是高校的教授，每一个努力的认真工作认真生活的人，都值得尊重,,,,老人乘地铁用颤抖的手批改资料,0,0,0,2023-04-22 18:23,微博搜索,,,,陕西,黄V
4893391865250745,MDby2m1Xr,7744814690,60岁甜妹,#老人乘地铁用颤抖的手批改资料#看着好心疼,,,,老人乘地铁用颤抖的手批改资料,0,0,0,2023-04-22 18:23,Android,,,,广西,黄V
4893391697746030,MDbxLwv5Y,5674814998,謦欬即倾偈,#老人乘地铁用颤抖的手批改资料#工作的人,,,,老人乘地铁用颤抖的手批改资料,0,0,0,2023-04-22 18:22,Redmi Note 8四摄,,,,广东,普通用户
4893391677032716,MDbxJtvwU,1644948230,北京头条,【#老人乘地铁用颤抖的手批改资料#，网友：这才是值得尊敬的人】4月21日，陕西西安。石先生坐地铁时看到一位老人专心致志的在批改手里的资料。石先生表示大家都在玩手机，只有这个老人拿笔在那里写写画画，当时感觉他非常认真，自己也很感动。网友纷纷表示，这才是值得尊敬的人。@西部决策L西部决策的微博视频,,,西部决策,老人乘地铁用颤抖的手批改资料,4,0,7,2023-04-22 18:22,微博视频号,,"http://f.video.weibocdn.com/o0/ssiFFMHglx084Rusww6k010412005EKo0E010.mp4?label=mp4_720p&template=720x1280.24.0&ori=0&ps=1BVp4ysnknHVZu&Expires=1725141478&ssig=sCKiTp8Rdf&KID=unistore,video",,,蓝V
4893404032666576,MDbRFbbHi,1221707263,刘继兴,#老人乘地铁用颤抖的手批改资料#致敬老教授，正是因为有这样的人，中华民族的伟大复兴才不可阻挡。,,,,老人乘地铁用颤抖的手批改资料,0,1,5,2023-04-22 19:11,HUAWEI Mate 20 X,,,,山西,红V
4893403899236111,MDbRrCKJx,6399075700,春忆甜_,#老人乘地铁用颤抖的手批改资料#兢兢业业,,,,老人乘地铁用颤抖的手批改资料,0,0,0,2023-04-22 19:11,vivo S7e 5G,,,,甘肃,普通用户
4893403878262859,MDbRpyFxV,1762404844,彭博de健康人生,#老人乘地铁用颤抖的手批改资料#活到老，学到老！,,,,老人乘地铁用颤抖的手批改资料,0,0,0,2023-04-22 19:11,微博搜索,,,,美国,黄V
4893403760043725,MDbRe0bnf,5997695531,春和井鸣的城堡,#老人乘地铁用颤抖的手批改资料#攒钱，够了就辞职，这活谁爱干谁干去吧,,,,老人乘地铁用颤抖的手批改资料,0,0,2,2023-04-22 19:10,HUAWEI P20 Pro,,,,广西,黄V
4893403563431295,MDbQUeoDt,6504194242,WWWWJJYJYYYY,#老人乘地铁用颤抖的手批改资料#敬重,,,,老人乘地铁用颤抖的手批改资料,0,0,0,2023-04-22 19:09,未来宇宙～Android,,,,上海,黄V
4893403508639379,MDbQOAfuP,1899945005,小样儿样子的样,#老人乘地铁用颤抖的手批改资料#以后就是你我他了,,,,老人乘地铁用颤抖的手批改资料,0,0,0,2023-04-22 19:09,OPPO Reno7 5G,,,,山西,普通用户
4893403349522487,MDbQyDXev,7828942700,倪黎虹,#老人乘地铁用颤抖的手批改资料#值得尊敬,,,,老人乘地铁用颤抖的手批改资料,0,0,0,2023-04-22 19:08,荣耀30 5G,,,,上海,普通用户
4893403311770814,MDbQv7qFw,1659664907,少冰不额外加糖,#老人乘地铁用颤抖的手批改资料#这么老还要地铁上加班工作，想想自己啊暖毛线……,,,,老人乘地铁用颤抖的手批改资料,0,0,0,2023-04-22 19:08,iPhone客户端,,,,广东,普通用户
4893403089471806,MDbQ8DK34,5597602535,祝你_生活顺利,#老人乘地铁用颤抖的手批改资料#小学生地铁补作业赶早八,,,,老人乘地铁用颤抖的手批改资料,0,0,2,2023-04-22 19:07,,https://wx2.sinaimg.cn/large/0066OY7Rly1hd8oowb0saj32o03k0hdu.jpg,,,江苏,普通用户
4893391550945551,MDbxx3XYP,3992059967,justdoittt,#老人乘地铁用颤抖的手批改资料#22家媒体参与发布，呵呵，难道看不出这个视频不是tou拍，就是摆拍吗？摆拍痕迹还不够明显？还是不觉得tou拍来源有问题？,,,,老人乘地铁用颤抖的手批改资料,0,0,0,2023-04-22 18:22,HUAWEI P30,,,,北京,普通用户
4893391391041546,MDbxh4mX8,7335777708,公益头条官方微博,【#老人乘地铁用颤抖的手批改资料#，网友：这才是值得尊敬的人】4月21日，陕西西安。石先生坐地铁时看到一位老人专心致志的在批改手里的资料。石先生表示大家都在玩手机，只有这个老人拿笔在那里写写画画，当时感觉他非常认真，自己也很感动。网友纷纷表示，这才是值得尊敬的人。#公益头条#L西部决策的微博视频,,,,"老人乘地铁用颤抖的手批改资料,公益头条",0,0,0,2023-04-22 18:21,公益头条超话,,"http://f.video.weibocdn.com/o0/ssiFFMHglx084Rusww6k010412005EKo0E010.mp4?label=mp4_720p&template=720x1280.24.0&ori=0&ps=1BVp4ysnknHVZu&Expires=1725141500&ssig=wnDtE9aS6r&KID=unistore,video",,广东,蓝V
4893391324452270,MDbxaiGeO,6071651595,白桃汽妮,#老人乘地铁用颤抖的手批改资料#我们延迟退休的未来,,,,老人乘地铁用颤抖的手批改资料,0,0,0,2023-04-22 18:21,真我GT Neo3,,,,山东,普通用户
4893391265728937,MDbx4o2md,5781042336,在微博闲逛,#老人乘地铁用颤抖的手批改资料#点进这个话题的大家有福了！这不就是三四十年后还没退休的我们[奋斗],,,,老人乘地铁用颤抖的手批改资料,0,0,0,2023-04-22 18:20,iPhone客户端,,,,上海,黄V
4893391059419427,MDbwJDwqf,7752878883,小兰林199810,#老人乘地铁用颤抖的手批改资料#,,,,老人乘地铁用颤抖的手批改资料,0,0,1,2023-04-22 18:20,iPhone客户端,https://wx2.sinaimg.cn/large/008sGhXBgy1hd8nb888i9j30ku194gvs.jpg,,,贵州,普通用户
4893391059688176,MDbwJEEkU,5840384059,羊咩不咩yaa,#老人乘地铁用颤抖的手批改资料#虽然，但是，怎么就看不到我我在地铁上写论文呢,,,,老人乘地铁用颤抖的手批改资料,0,1,2,2023-04-22 18:20,iPhone客户端,,,,四川,普通用户
4893391035306428,MDbwHmgry,1867571077,听中国,【#老人乘地铁用颤抖的手批改资料#，网友：这才是值得尊敬的人】4月21日，陕西西安。石先生坐地铁时看到一位老人在批改手里的资料。石先生表示大家都在玩手机，只有这个老人拿笔在那里写写画画，当时感觉他非常认真，自己也很感动。网友纷纷表示，这才是值得尊敬的人。@西部决策L西部决策的微博视频,,,西部决策,老人乘地铁用颤抖的手批改资料,2,1,14,2023-04-22 18:20,微博视频号,,"http://f.video.weibocdn.com/o0/ssiFFMHglx084Rusww6k010412005EKo0E010.mp4?label=mp4_720p&template=720x1280.24.0&ori=0&ps=1BVp4ysnknHVZu&Expires=1725141500&ssig=wnDtE9aS6r&KID=unistore,video",,,蓝V
4893391035303831,MDbwHmfLF,2054302531,湖南高速警察,#胡椒分享#【收藏！50个帮你自我提升的网站[奋斗]】#老人乘地铁用颤抖的手批改资料#大好青春，不能虚度！想当技术大神、恶补英语词汇、提升专业水平，却不知如何下手？顶尖大学课程、外语学习、编程开发、实用工具…50个实用网站↓↓抓住青春，给自己充充电！速速转存！（人民日报）,,,,"胡椒分享,老人乘地铁用颤抖的手批改资料",4,1,11,2023-04-22 18:20,微博网页版,"https://wx3.sinaimg.cn/large/7a722b43gy1hd8mu1chlcj20dw0ssae8.jpg,https://wx1.sinaimg.cn/large/7a722b43gy1hd8mu1hxmrj20dw0rbtbq.jpg,https://wx3.sinaimg.cn/large/7a722b43gy1hd8mu1ogczj20dw0rbgos.jpg,https://wx2.sinaimg.cn/large/7a722b43gy1hd8mu1tp8oj20dw0opacw.jpg,https://wx1.sinaimg.cn/large/7a722b43gy1hd8mu1z8bcj20dw0dwdgm.jpg,https://wx4.sinaimg.cn/large/7a722b43gy1hd8mu2akfcj20dw0op76o.jpg,https://wx1.sinaimg.cn/large/7a722b43gy1hd8mu2h626j20dw0optbm.jpg,https://wx2.sinaimg.cn/large/7a722b43gy1hd8mu2orfwj20dw0m0q54.jpg,https://wx2.sinaimg.cn/large/7a722b43gy1hd8mu2x5dfj20dw0rr0w0.jpg",,,,蓝V
4893391013810544,MDbwFfZio,6333220229,帆布鱼,#老人乘地铁用颤抖的手批改资料#额……未来某一天我们可能都会如此……,,,,老人乘地铁用颤抖的手批改资料,0,0,4,2023-04-22 18:19,,,,,陕西,黄V
4893403038353036,MDbQ3z30o,6314335664,芜湖反邪教,#老人乘地铁用颤抖的手批改资料#，网友：这才是值得尊敬的人,,,,老人乘地铁用颤抖的手批改资料,1,1,0,2023-04-22 19:07,iPhone客户端,,,,,蓝V
4893403017383558,MDbQ1uYNE,3717327057,一瞬间的灿烂烟火,#老人乘地铁用颤抖的手批改资料#看着真的好暖心呀,,,,老人乘地铁用颤抖的手批改资料,0,0,1,2023-04-22 19:07,iPhone 11 Pro Max,,,,北京,黄V
4893403005846966,MDbQ0ox3U,1990543170,视野君黄华,#视野图文#人世间就这样，池塘大了，水就深了，水深了，鱼就多了，大鱼小鱼，泥鳅黄鳝，乌龟王八，螃蟹龙虾，鲜的腥的，臊的臭的，什么货色都有。——麦家《人生海海》#老人乘地铁用颤抖的手批改资料#,,,,"视野图文,老人乘地铁用颤抖的手批改资料",0,0,0,2023-04-22 19:07,微博极速版,,,,广东,黄V
4893402971510535,MDbPX6kXt,3938256835,wybxz0622,#老人乘地铁用颤抖的手批改资料#,,,,老人乘地铁用颤抖的手批改资料,0,0,0,2023-04-22 19:07,Redmi Note 11 Pro,,,,北京,普通用户
4893402552078804,MDbPh8IN6,7795651234,心满欢喜,#老人乘地铁用颤抖的手批改资料#透视ChatGPT的命运观…唯有超越变/不变…这就是不二中道精要！《跨领域－重磅对话》…时代前沿对话：O网页链接,,,,老人乘地铁用颤抖的手批改资料,0,0,0,2023-04-22 19:05,iPhone客户端,https://wx4.sinaimg.cn/large/008vzL0egy1hd8omrp4hsj30ro0fktdo.jpg,,,福建,普通用户
4893402263717663,MDbOOfB8j,1626249132,KarryWang的俊美人,#老人乘地铁用颤抖的手批改资料#兢兢业业的工作👍🏻👍🏻👍🏻,,,,老人乘地铁用颤抖的手批改资料,0,0,1,2023-04-22 19:04,王俊凯恭喜发财,,,,北京,黄V
4893402220466503,MDbOK1Xmf,2138697305,重庆青年报,【#老人乘地铁用颤抖的手批改资料#，网友：这才是值得尊敬的人】4月21日，陕西西安。石先生坐地铁时看到一位老人在批改手里的资料。石先生表示大家都在玩手机，只有这个老人拿笔在那里写写画画，当时感觉他非常认真，自己也很感动。网友纷纷表示，这才是值得尊敬的人。@西部决策L西部决策的微博视频,,,西部决策,老人乘地铁用颤抖的手批改资料,0,0,1,2023-04-22 19:04,iPhone客户端,,"http://f.video.weibocdn.com/o0/ssiFFMHglx084Rusww6k010412005EKo0E010.mp4?label=mp4_720p&template=720x1280.24.0&ori=0&ps=1BVp4ysnknHVZu&Expires=1725141518&ssig=ROpIdFfoVJ&KID=unistore,video",,,蓝V
4893402011535795,MDbOp6rwT,7828894072,小爱萨芬2号,#老人乘地铁用颤抖的手批改资料#值得尊敬,,,,老人乘地铁用颤抖的手批改资料,0,0,0,2023-04-22 19:03,荣耀30 5G,,,,上海,普通用户
4893390997554906,MDbwDvHnk,6995652023,旺旺雪饼饼的小次猬酱,#老人乘地铁用颤抖的手批改资料#很认真的人呀,,,,老人乘地铁用颤抖的手批改资料,0,0,0,2023-04-22 18:19,,,,,安徽,黄V
4893390531206336,MDbvT53P2,6253582464,普洱政法,【#老人乘地铁用颤抖的手批改资料#，网友：这才是值得尊敬的人】4月21日，陕西西安。石先生坐地铁时看到一位老人专心致志的在批改手里的资料。石先生表示大家都在玩手机，只有这个老人拿笔在那里写写画画，当时感觉他非常认真，自己也很感动。网友纷纷表示，这才是值得尊敬的人。@西部决策L西部决策的微博视频,,,西部决策,老人乘地铁用颤抖的手批改资料,0,4,3,2023-04-22 18:18,微博视频号,,"http://f.video.weibocdn.com/o0/ssiFFMHglx084Rusww6k010412005EKo0E010.mp4?label=mp4_720p&template=720x1280.24.0&ori=0&ps=1BVp4ysnknHVZu&Expires=1725141522&ssig=gXG%2B%2B5kCLw&KID=unistore,video",,,蓝V
4893390485064607,MDbvOlfxd,3052317923,ethanwselflove,#老人乘地铁用颤抖的手批改资料#又感动了又致敬了,,,,老人乘地铁用颤抖的手批改资料,0,0,0,2023-04-22 18:17,iPhone客户端,,,,河南,普通用户
4893390398032633,MDbvFxHEB,5480216996,貌你礼吗,#老人乘地铁用颤抖的手批改资料#咋滴手不颤抖不批作业就是不值得尊敬的老人了？,,,,老人乘地铁用颤抖的手批改资料,0,0,5,2023-04-22 18:17,vivo S9 极夜柔光自拍,,,,山西,普通用户
4893390133529788,MDbvfeOg4,7718764246,栽向生命的春饼,#老人乘地铁用颤抖的手批改资料#我初中语文老师也是这样,,,,老人乘地铁用颤抖的手批改资料,0,0,0,2023-04-22 18:16,微博搜索,,,,陕西,普通用户
4893390083465197,MDbvaexsh,2626697930,三色定远,【#老人乘地铁用颤抖的手批改资料#，网友：这才是值得尊敬的人】4月21日，陕西西安。石先生坐地铁时看到一位老人专心致志的在批改手里的资料。石先生表示大家都在玩手机，只有这个老人拿笔在那里写写画画，当时感觉他非常认真，自己也很感动。网友纷纷表示，这才是值得尊敬的人。L西部决策的微博视频,,,,老人乘地铁用颤抖的手批改资料,0,0,1,2023-04-22 18:16,微博视频号,,"http://f.video.weibocdn.com/o0/ssiFFMHglx084Rusww6k010412005EKo0E010.mp4?label=mp4_720p&template=720x1280.24.0&ori=0&ps=1BVp4ysnknHVZu&Expires=1725141522&ssig=gXG%2B%2B5kCLw&KID=unistore,video",,,蓝V
4893389986204084,MDbv0q1XS,2559716940,上海嘉定,【#老人乘地铁用颤抖的手批改资料#，网友：这才是值得尊敬的人】4月21日，陕西西安。石先生坐地铁时看到一位老人专心致志的在批改手里的资料。石先生表示大家都在玩手机，只有这个老人拿笔在那里写写画画，当时感觉他非常认真，自己也很感动。网友纷纷表示，这才是值得尊敬的人。L西部决策的微博视频,,,,老人乘地铁用颤抖的手批改资料,0,0,1,2023-04-22 18:15,微博视频号,,"http://f.video.weibocdn.com/o0/ssiFFMHglx084Rusww6k010412005EKo0E010.mp4?label=mp4_720p&template=720x1280.24.0&ori=0&ps=1BVp4ysnknHVZu&Expires=1725141522&ssig=gXG%2B%2B5kCLw&KID=unistore,video",,,蓝V
4893389491541088,MDbud6sUg,5888620525,L13141913,#老人乘地铁用颤抖的手批改资料#今天上午我就发了一条微博，大概内容是:珍惜时间的人，做事认真的人，都是非常靠谱的人，这些人都是值得尊敬的，而且，这些人有做事的态度和有做事的能力，比较有前途，事实是，这种人并不多，所以，遇到了就要珍惜，而且要努力团结这种人。,,,,老人乘地铁用颤抖的手批改资料,0,0,0,2023-04-22 18:13,华为Mate20保时捷设计,,,,四川,黄V
4893401869455688,MDbOaDFR6,7542162837,郑州益善互助中心,【#老人乘地铁用颤抖的手批改资料#，网友：这才是值得尊敬的人】4月21日，陕西西安。石先生坐地铁时看到一位老人专心致志的在批改手里的资料。石先生表示大家都在玩手机，只有这个老人拿笔在那里写写画画，当时感觉他非常认真，自己也很感动。网友纷纷表示，这才是值得尊敬的人。@西部决策L西部决策的微博视频,,,西部决策,老人乘地铁用颤抖的手批改资料,0,0,0,2023-04-22 19:03,Android,,"http://f.video.weibocdn.com/o0/ssiFFMHglx084Rusww6k010412005EKo0E010.mp4?label=mp4_720p&template=720x1280.24.0&ori=0&ps=1BVp4ysnknHVZu&Expires=1725141540&ssig=%2FmE4GuGgbD&KID=unistore,video",,河南,蓝V
4893401776394660,MDbO1qPxG,7755265019,01榴莲冰糕02,#老人乘地铁用颤抖的手批改资料#乘坐地铁当观乘坐，念兹在兹体道无为🙏#内观解脱#,,,,"老人乘地铁用颤抖的手批改资料,内观解脱",0,0,0,2023-04-22 19:02,华为畅享5G,,,,天津,普通用户
4893401693296858,MDbNTdPF8,1960601312,多彩贵州网,【#老人乘地铁用颤抖的手批改资料#，网友：这才是值得尊敬的人】4月21日，陕西西安。石先生坐地铁时看到一位老人专心致志的在批改手里的资料。石先生表示大家都在玩手机，只有这个老人拿笔在那里写写画画，当时感觉他非常认真，自己也很感动。网友纷纷表示，这才是值得尊敬的人。@西部决策L西部决策的微博视频,,,西部决策,老人乘地铁用颤抖的手批改资料,0,0,0,2023-04-22 19:02,微博视频号,,"http://f.video.weibocdn.com/o0/ssiFFMHglx084Rusww6k010412005EKo0E010.mp4?label=mp4_720p&template=720x1280.24.0&ori=0&ps=1BVp4ysnknHVZu&Expires=1725141540&ssig=%2FmE4GuGgbD&KID=unistore,video",,,蓝V
4893401238998754,MDbN9BKZc,1895394815,荆楚网,【#老人乘地铁用颤抖的手批改资料#，网友：这才是值得尊敬的人】4月21日，陕西西安。石先生坐地铁时看到一位老人专心致志的在批改手里的资料。石先生表示大家都在玩手机，只有这个老人拿笔在那里写写画画，当时感觉他非常认真，自己也很感动。网友纷纷表示，这才是值得尊敬的人。@西部决策L西部决策的微博视频,,,西部决策,老人乘地铁用颤抖的手批改资料,0,0,1,2023-04-22 19:00,微博视频号,,"http://f.video.weibocdn.com/o0/ssiFFMHglx084Rusww6k010412005EKo0E010.mp4?label=mp4_720p&template=720x1280.24.0&ori=0&ps=1BVp4ysnknHVZu&Expires=1725141540&ssig=%2FmE4GuGgbD&KID=unistore,video",,,蓝V
4893401189191013,MDbN4Cz09,2440085024,Tiffany就是我,#老人乘地铁用颤抖的手批改资料#延迟退休以后，这样的场景就不是啥新闻了,,,,老人乘地铁用颤抖的手批改资料,0,0,3,2023-04-22 19:00,OPPO超视野全面屏R15,,,,浙江,红V
4893401180280943,MDbN41b5l,1486489760,楚萍微客,#老人乘地铁用颤抖的手批改资料#不管年龄大小，真的不建议在地铁上批改资料！地铁是一个相对拥挤的公共交通工具，人来人往，内部噪音大，环境杂乱，而且运行过程中还有不停的振动，把资料放在腿上非常不稳当，拿笔写字批改的动作很难完成好，搞得不好容易在资料上留下错误的印记。视频中的老人还戴着眼镜，看资料变更不方便了#微博新知博主#,,,,"老人乘地铁用颤抖的手批改资料,微博新知博主",10,10,16,2023-04-22 19:00,,https://wx3.sinaimg.cn/large/589a08a0gy1hd8oh3xow9j20u01g1tm3.jpg,,,江西,红V
4893388850335554,MDbtb1pia,1764404575,豊萧萧兮,#老人乘地铁用颤抖的手批改资料#大街上环卫工人看不到是吧,,杭州·北干,,老人乘地铁用颤抖的手批改资料,0,0,0,2023-04-22 18:11,iPhone客户端,,,,浙江,普通用户
4893388803672019,MDbt6fpg7,2759348142,武汉发布,#万象#【#老人乘地铁用颤抖的手批改资料#，网友：这才是值得尊敬的人】4月21日，陕西西安。石先生坐地铁时看到一位老人专心致志的在批改手里的资料。石先生表示大家都在玩手机，只有这个老人拿笔在那里写写画画，当时感觉他非常认真，自己也很感动。网友纷纷表示，这才是值得尊敬的人。@西部决策L西部决策的微博视频,,,西部决策,"万象,老人乘地铁用颤抖的手批改资料",0,0,0,2023-04-22 18:11,微博视频号,,"http://f.video.weibocdn.com/o0/ssiFFMHglx084Rusww6k010412005EKo0E010.mp4?label=mp4_720p&template=720x1280.24.0&ori=0&ps=1BVp4ysnknHVZu&Expires=1725141545&ssig=3Tzqp%2FEg4D&KID=unistore,video",,,蓝V
4893388279388110,MDbsfDoh8,7488346734,娱小仙仙,#老人乘地铁用颤抖的手批改资料#对老教授敬重之心油然而生,,,,老人乘地铁用颤抖的手批改资料,24,32,37,2023-04-22 18:09,微博网页版,,,,安徽,黄V
4893388216736007,MDbs9sglh,3302689634,永州发布,【#老人乘地铁用颤抖的手批改资料#，网友：这才是值得尊敬的人】4月21日，陕西西安。石先生坐地铁时看到一位老人专心致志的在批改手里的资料。石先生表示大家都在玩手机，只有这个老人拿笔在那里写写画画，当时感觉他非常认真，自己也很感动。网友纷纷表示，这才是值得尊敬的人。@西部决策L西部决策的微博视频,,,西部决策,老人乘地铁用颤抖的手批改资料,0,1,0,2023-04-22 18:08,微博视频号,,"http://f.video.weibocdn.com/o0/ssiFFMHglx084Rusww6k010412005EKo0E010.mp4?label=mp4_720p&template=720x1280.24.0&ori=0&ps=1BVp4ysnknHVZu&Expires=1725141545&ssig=3Tzqp%2FEg4D&KID=unistore,video",,,蓝V
4893388170072629,MDbs50iTr,2003342421,杭州校园,#老人乘地铁用颤抖的手批改资料#太暖心了杭州校园超话L西部决策的微博视频,,,,老人乘地铁用颤抖的手批改资料,0,0,0,2023-04-22 18:08,杭州校园超话,,"http://f.video.weibocdn.com/o0/ssiFFMHglx084Rusww6k010412005EKo0E010.mp4?label=mp4_720p&template=720x1280.24.0&ori=0&ps=1BVp4ysnknHVZu&Expires=1725141545&ssig=3Tzqp%2FEg4D&KID=unistore,video",,,蓝V
4893388149887225,MDbs2Fu7n,1369270154,天空永远蔚蓝,【#老人乘地铁用颤抖的手批改资料#，网友：这才是值得尊敬的人】4月21日，陕西西安。石先生坐地铁时看到一位老人专心致志的在批改手里的资料。石先生表示大家都在玩手机，只有这个老人拿笔在那里写写画画，当时感觉他非常认真，自己也很感动。网友纷纷表示，这才是值得尊敬的人。L西部决策的微博视频,,,,老人乘地铁用颤抖的手批改资料,0,0,0,2023-04-22 18:08,微博视频号,,"http://f.video.weibocdn.com/o0/ssiFFMHglx084Rusww6k010412005EKo0E010.mp4?label=mp4_720p&template=720x1280.24.0&ori=0&ps=1BVp4ysnknHVZu&Expires=1725141545&ssig=3Tzqp%2FEg4D&KID=unistore,video",,江西,黄V
4893388057347590,MDbrTuPrw,5856606312,喵冬等喋,#老人乘地铁用颤抖的手批改资料#不知道说啥，就祝写这条新闻的编辑，蹭热度尬捧的营销号80岁的时候还能在地铁里写文案吧，希望那时他们也能像今天通稿里写的那样：非常感动,,,,老人乘地铁用颤抖的手批改资料,0,1,21,2023-04-22 18:08,,,,,四川,黄V
4893388052629282,MDbrTb1ZM,2011075080,齐鲁晚报,【#老人乘地铁用颤抖的手批改资料#】4月21日，陕西西安。石先生在乘坐地铁时，我看到一位老人专注于纠正手中的资料。石先生表示大家都在玩手机，只有这个老人拿笔在那里写写画画，感觉他非常认真，自己也很感动。网友纷纷表示：这才是值得尊敬的人。L西部决策的微博视频via.@西部决策,,,西部决策,老人乘地铁用颤抖的手批改资料,3,2,11,2023-04-22 18:08,微博视频号,,"http://f.video.weibocdn.com/o0/ssiFFMHglx084Rusww6k010412005EKo0E010.mp4?label=mp4_720p&template=720x1280.24.0&ori=0&ps=1BVp4ysnknHVZu&Expires=1725141545&ssig=3Tzqp%2FEg4D&KID=unistore,video",,,蓝V
4893387855235675,MDbrzlY2n,2726417763,宋中清主任律师,热点超话/@西部决策【#老人乘地铁用颤抖的手批改资料#，网友：这才是值得尊敬的人】4月21日，陕西西安。石先生坐地铁时看到一位老人专心致志的在批改手里的资料。石先生表示大家都在玩手机，只有这个老人拿笔在那里写写画画，当时感觉他非常认真，自己也很感动。网友纷纷表示，这才是值得尊敬的人。#互联网新文化运动-人生篇#L西部决策的微博视频,,,西部决策,"老人乘地铁用颤抖的手批改资料,互联网新文化运动-人生篇",0,0,3,2023-04-22 18:07,热点超话,,"http://f.video.weibocdn.com/o0/ssiFFMHglx084Rusww6k010412005EKo0E010.mp4?label=mp4_720p&template=720x1280.24.0&ori=0&ps=1BVp4ysnknHVZu&Expires=1725141565&ssig=BxEivBufIa&KID=unistore,video",,北京,黄V
4893387322557523,MDbqIaJkn,7830218383,任嘉伦岳父,#老人乘地铁用颤抖的手批改资料#值得尊敬,,,,老人乘地铁用颤抖的手批改资料,0,0,0,2023-04-22 18:05,荣耀30 5G,,,,上海,普通用户
4893387239723414,MDbqzENvg,1371163915,枣庄在线,#老人乘地铁用颤抖的手批改资料#4月21日，陕西西安。石先生在乘坐地铁时，我看到一位老人专注于纠正手中的资料。石先生表示大家都在玩手机，只有这个老人拿笔在那里写写画画，感觉他非常认真，自己也很感动。网友纷纷表示，这才是值得尊敬的人。（责任编辑：陈莉辉）#枣庄在线#枣庄在线超话L枣庄在线的微博视频,,,,"老人乘地铁用颤抖的手批改资料,枣庄在线",0,1,7,2023-04-22 18:04,枣庄在线超话,,"http://f.video.weibocdn.com/o0/9shUQN4Slx084RVve2uc010412002KAe0E010.mp4?label=mp4_hd&template=404x720.24.0&ori=0&ps=1BVp4ysnknHVZu&Expires=1725141565&ssig=K%2BXHwOT1Yz&KID=unistore,video",,山东,红V
4893387179953317,MDbqtFLjn,3992059967,justdoittt,#老人乘地铁用颤抖的手批改资料#如果不是摆拍，那么公共场合tou拍别人，再发到网上，礼貌吗？媒体把tou拍当新闻，合适吗？如果是摆拍，那么拍摄者和话题主持人，西部决策，合作得挺好啊，不愧是经常担任热搜话题主持人的～,,,,老人乘地铁用颤抖的手批改资料,0,0,1,2023-04-22 18:04,HUAWEI P30,,,,北京,普通用户
4893387054649024,MDbqhjvqg,5209471765,平安江阳,#老人乘地铁用颤抖的手批改资料#,,,,老人乘地铁用颤抖的手批改资料,0,22,13,2023-04-22 18:04,HUAWEI Mate30 Pro 5G,https://wx2.sinaimg.cn/large/005GypA9gy1hd8mupddz4j30tu1d4gr6.jpg,,,,蓝V
4893386718580130,MDbpJA05c,6438909078,西安碎事儿,【#老人乘地铁用颤抖的手批改资料#，网友：这才是值得尊敬的人】4月21日，陕西西安。石先生坐地铁时看到一位老人专心致志的在批改手里的资料。石先生表示大家都在玩手机，只有这个老人拿笔在那里写写画画，当时感觉他非常认真，自己也很感动。网友纷纷表示，这才是值得尊敬的人。@西部决策L西部决策的微博视频,,,西部决策,老人乘地铁用颤抖的手批改资料,0,0,0,2023-04-22 18:02,小米11,,"http://f.video.weibocdn.com/o0/ssiFFMHglx084Rusww6k010412005EKo0E010.mp4?label=mp4_720p&template=720x1280.24.0&ori=0&ps=1BVp4ysnknHVZu&Expires=1725141565&ssig=BxEivBufIa&KID=unistore,video",,陕西,黄V
4893386579907520,MDbpvFzoI,5103377835,阆中公安,【#老人乘地铁用颤抖的手批改资料#，网友：这才是值得尊敬的人】4月21日，陕西西安。石先生坐地铁时看到一位老人专心致志的在批改手里的资料。石先生表示大家都在玩手机，只有这个老人拿笔在那里写写画画，当时感觉他非常认真，自己也很感动。网友纷纷表示，这才是值得尊敬的人。@西部决策L西部决策的微博视频,,,西部决策,老人乘地铁用颤抖的手批改资料,0,12,12,2023-04-22 18:02,微博视频号,,"http://f.video.weibocdn.com/o0/ssiFFMHglx084Rusww6k010412005EKo0E010.mp4?label=mp4_720p&template=720x1280.24.0&ori=0&ps=1BVp4ysnknHVZu&Expires=1725141565&ssig=BxEivBufIa&KID=unistore,video",,,蓝V
4893386160478345,MDboQ20rf,5209974177,芦山公安,【#老人乘地铁用颤抖的手批改资料#，网友：这才是值得尊敬的人】4月21日，陕西西安。石先生坐地铁时看到一位老人专心致志的在批改手里的资料。石先生表示大家都在玩手机，只有这个老人拿笔在那里写写画画，当时感觉他非常认真，自己也很感动。网友纷纷表示，这才是值得尊敬的人。@西部决策L西部决策的微博视频,,,西部决策,老人乘地铁用颤抖的手批改资料,0,0,0,2023-04-22 18:00,微博视频号,,"http://f.video.weibocdn.com/o0/ssiFFMHglx084Rusww6k010412005EKo0E010.mp4?label=mp4_720p&template=720x1280.24.0&ori=0&ps=1BVp4ysnknHVZu&Expires=1725141565&ssig=BxEivBufIa&KID=unistore,video",,,蓝V
